1000000
2000000
3000000
4000000
5000000
6000000
7000000
8000000
9000000
10000000
11000000
12000000
13000000
14000000
15000000
16000000
17000000
18000000
19000000
20000000
21000000
22000000
23000000
24000000
25000000
26000000
27000000
28000000
29000000
30000000
31000000
32000000
33000000
(1, 1) = 2
(2, 1) = 2
(2, 2) = 2
(3, 1) = 0
(3, 2) = 4
(3, 3) = 4
(4, 1) = 0
(4, 2) = 2
(4, 3) = 10
(4, 4) = 4
(5, 1) = 0
(5, 2) = 0
(5, 3) = 12
(5, 4) = 12
(5, 5) = 8
(6, 1) = 0
(6, 2) = 0
(6, 3) = 8
(6, 4) = 22
(6, 5) = 26
(6, 6) = 8
(7, 1) = 0
(7, 2) = 0
(7, 3) = 4
(7, 4) = 28
(7, 5) = 52
(7, 6) = 28
(7, 7) = 16
(8, 1) = 0
(8, 2) = 0
(8, 3) = 2
(8, 4) = 30
(8, 5) = 88
(8, 6) = 62
(8, 7) = 58
(8, 8) = 16
(9, 1) = 0
(9, 2) = 0
(9, 3) = 0
(9, 4) = 32
(9, 5) = 132
(9, 6) = 124
(9, 7) = 132
(9, 8) = 60
(9, 9) = 32
(10, 1) = 0
(10, 2) = 0
(10, 3) = 0
(10, 4) = 34
(10, 5) = 192
(10, 6) = 222
(10, 7) = 280
(10, 8) = 142
(10, 9) = 122
(10, 10) = 32
(11, 1) = 0
(11, 2) = 0
(11, 3) = 0
(11, 4) = 36
(11, 5) = 276
(11, 6) = 384
(11, 7) = 556
(11, 8) = 316
(11, 9) = 292
(11, 10) = 124
(11, 11) = 64
(12, 1) = 0
(12, 2) = 0
(12, 3) = 0
(12, 4) = 34
(12, 5) = 394
(12, 6) = 654
(12, 7) = 1064
(12, 8) = 670
(12, 9) = 664
(12, 10) = 302
(12, 11) = 250
(12, 12) = 64
(13, 1) = 0
(13, 2) = 0
(13, 3) = 0
(13, 4) = 32
(13, 5) = 552
(13, 6) = 1096
(13, 7) = 2000
(13, 8) = 1368
(13, 9) = 1452
(13, 10) = 700
(13, 11) = 612
(13, 12) = 252
(13, 13) = 128
(14, 1) = 0
(14, 2) = 0
(14, 3) = 0
(14, 4) = 32
(14, 5) = 770
(14, 6) = 1806
(14, 7) = 3708
(14, 8) = 2734
(14, 9) = 3080
(14, 10) = 1566
(14, 11) = 1432
(14, 12) = 622
(14, 13) = 506
(14, 14) = 128
(15, 1) = 0
(15, 2) = 0
(15, 3) = 0
(15, 4) = 32
(15, 5) = 1064
(15, 6) = 2952
(15, 7) = 6780
(15, 8) = 5404
(15, 9) = 6392
(15, 10) = 3416
(15, 11) = 3244
(15, 12) = 1468
(15, 13) = 1252
(15, 14) = 508
(15, 15) = 256
(16, 1) = 0
(16, 2) = 0
(16, 3) = 0
(16, 4) = 34
(16, 5) = 1466
(16, 6) = 4778
(16, 7) = 12284
(16, 8) = 10542
(16, 9) = 13104
(16, 10) = 7290
(16, 11) = 7176
(16, 12) = 3358
(16, 13) = 2968
(16, 14) = 1262
(16, 15) = 1018
(16, 16) = 256
(17, 1) = 0
(17, 2) = 0
(17, 3) = 0
(17, 4) = 36
(17, 5) = 2020
(17, 6) = 7672
(17, 7) = 22080
(17, 8) = 20372
(17, 9) = 26556
(17, 10) = 15352
(17, 11) = 15576
(17, 12) = 7512
(17, 13) = 6828
(17, 14) = 3004
(17, 15) = 2532
(17, 16) = 1020
(17, 17) = 512
(18, 1) = 0
(18, 2) = 0
(18, 3) = 0
(18, 4) = 34
(18, 5) = 2782
(18, 6) = 12260
(18, 7) = 39438
(18, 8) = 39030
(18, 9) = 53334
(18, 10) = 31970
(18, 11) = 33344
(18, 12) = 16506
(18, 13) = 15368
(18, 14) = 6942
(18, 15) = 6040
(18, 16) = 2542
(18, 17) = 2042
(18, 18) = 512
(19, 1) = 0
(19, 2) = 0
(19, 3) = 0
(19, 4) = 32
(19, 5) = 3820
(19, 6) = 19520
(19, 7) = 70056
(19, 8) = 74268
(19, 9) = 106260
(19, 10) = 66008
(19, 11) = 70620
(19, 12) = 35760
(19, 13) = 34008
(19, 14) = 15704
(19, 15) = 13996
(19, 16) = 6076
(19, 17) = 5092
(19, 18) = 2044
(19, 19) = 1024
(20, 1) = 0
(20, 2) = 0
(20, 3) = 0
(20, 4) = 32
(20, 5) = 5248
(20, 6) = 30970
(20, 7) = 123868
(20, 8) = 140516
(20, 9) = 210344
(20, 10) = 135222
(20, 11) = 148278
(20, 12) = 76650
(20, 13) = 74248
(20, 14) = 34938
(20, 15) = 31752
(20, 16) = 14110
(20, 17) = 12184
(20, 18) = 5102
(20, 19) = 4090
(20, 20) = 1024
(21, 1) = 0
(21, 2) = 0
(21, 3) = 0
(21, 4) = 32
(21, 5) = 7196
(21, 6) = 49016
(21, 7) = 218156
(21, 8) = 264556
(21, 9) = 414116
(21, 10) = 275196
(21, 11) = 309012
(21, 12) = 162896
(21, 13) = 160392
(21, 14) = 76720
(21, 15) = 70872
(21, 16) = 32088
(21, 17) = 28332
(21, 18) = 12220
(21, 19) = 10212
(21, 20) = 4092
(21, 21) = 2048
(22, 1) = 0
(22, 2) = 0
(22, 3) = 0
(22, 4) = 34
(22, 5) = 9858
(22, 6) = 77394
(22, 7) = 383016
(22, 8) = 495898
(22, 9) = 811486
(22, 10) = 556958
(22, 11) = 639894
(22, 12) = 343674
(22, 13) = 343526
(22, 14) = 166702
(22, 15) = 156168
(22, 16) = 71802
(22, 17) = 64520
(22, 18) = 28446
(22, 19) = 24472
(22, 20) = 10222
(22, 21) = 8186
(22, 22) = 2048
(23, 1) = 0
(23, 2) = 0
(23, 3) = 0
(23, 4) = 36
(23, 5) = 13512
(23, 6) = 121892
(23, 7) = 670624
(23, 8) = 926080
(23, 9) = 1583632
(23, 10) = 1121836
(23, 11) = 1317868
(23, 12) = 720580
(23, 13) = 730500
(23, 14) = 359132
(23, 15) = 340572
(23, 16) = 158640
(23, 17) = 144600
(23, 18) = 64856
(23, 19) = 57004
(23, 20) = 24508
(23, 21) = 20452
(23, 22) = 8188
(23, 23) = 4096
(24, 1) = 0
(24, 2) = 0
(24, 3) = 0
(24, 4) = 34
(24, 5) = 18520
(24, 6) = 191550
(24, 7) = 1171454
(24, 8) = 1723738
(24, 9) = 3079374
(24, 10) = 2250214
(24, 11) = 2701482
(24, 12) = 1502742
(24, 13) = 1543890
(24, 14) = 768186
(24, 15) = 736410
(24, 16) = 346926
(24, 17) = 320008
(24, 18) = 145530
(24, 19) = 130056
(24, 20) = 57118
(24, 21) = 49048
(24, 22) = 20462
(24, 23) = 16378
(24, 24) = 4096
(25, 1) = 0
(25, 2) = 0
(25, 3) = 0
(25, 4) = 32
(25, 5) = 25364
(25, 6) = 300452
(25, 7) = 2042080
(25, 8) = 3199128
(25, 9) = 5968764
(25, 10) = 4496992
(25, 11) = 5515132
(25, 12) = 3119340
(25, 13) = 3245760
(25, 14) = 1633184
(25, 15) = 1581068
(25, 16) = 752252
(25, 17) = 701020
(25, 18) = 322480
(25, 19) = 292056
(25, 20) = 130392
(25, 21) = 114348
(25, 22) = 49084
(25, 23) = 40932
(25, 24) = 16380
(25, 25) = 8192
