726121225
917160868
787916329
712246151
898417887
579253373
531336027
827154142
247775633
905589378
76752398
750864656
957262855
696272396
921230588
575687357
93405054
883181556
649032473
607393004
381402735
382799417
242412689
358491921
546940336
387433476
784083638
397076688
149827706
721596722
630633341
749954084
284327138
619789279
97679814
990213448
79524849
11615432
105938456
32964443
419536028
501732904
764757919
462197863
153025433
887532612
206878589
654207348
635837508
272660708
480507432
983337100
301949109
185793910
930081536
681534092
639006597
347169817
703140077
667713536
228340841
515583045
785534763
698098175
817071573
72232128
871344147
92268026
307001149
707516838
191001956
305083563
916672447
421341782
912335503
76969025
749360639
583733936
950165615
526474437
653594346
341414091
887435847
648216562
43778081
763299580
496284603
691270952
850662021
30681499
379391306
980211113
774402855
728875871
170553692
465945383
184811996
530898611
829925117
350108942
211564521
567398256
870048368
411202394
671599028
646066038
933246458
159569078
185822557
927470826
634730733
450864441
544858571
992336900
527388713
912850507
90908533
237186046
745622977
370647636
377406726
379469631
500980471
198758412
64403994
541712891
133062839
967538314
555946148
977824983
310819146
797389739
129101140
161912709
69362670
561845052
346800156
305426149
201829120
201266643
920644303
701162530
859620391
410780671
912864423
412534502
931813675
984842388
545126842
258445408
537468248
822556950
992502818
168781200
285904572
542119736
114842763
935807059
335625535
839318031
235431791
243613710
854641594
541095156
45007772
683083265
121025216
18710072
385161337
484238092
730079119
828734259
201573369
338490343
496822623
590529168
484566205
690026772
783215367
264983456
458567536
473575641
908348539
289370345
912085592
208582514
615840904
63736316
884306680
802206990
136632843
274446408
763431725
865112214
291998436
231790016
712596130
446528031
638127052
844944473
970826460
142808526
437859746
525785301
947097129
61518939
608931161
140609135
509052
453335886
641581100
301480020
483396819
911523952
229367662
768202198
49081416
215690
353903736
675948160
754846897
301917112
8946568
791497025
565220904
329897580
176607076
297078737
182143520
379247941
484293616
555969614
412378273
232465165
858684284
826189809
336791206
951778546
677411745
683175941
310790866
69137267
598578563
823310019
915065570
871580535
270905859
417629221
943887247
327797584
923574003
829747219
449273419
215114092
630658125
682385691
425903189
544721146
797721125
485349357
306512326
609278571
795049477
88877169
413169989
799277792
645861361
807443112
467274029
949185246
855343806
183674125
559296364
143245400
93722253
762079261
120019768
168883439
45174747
148366669
282931018
142301398
4751524
769280325
842884000
290974732
228528553
467461952
296279241
565059781
624624495
936731683
700485095
727109721
276593724
953507330
93874799
909182471
677843486
653542200
266137449
292181679
36711629
545724336
826077327
273289681
651536192
993234719
576664903
534648507
845440387
845550483
769505583
70050531
316690941
507002095
914778698
957878909
959544623
228530293
31808605
965659795
297073961
599887049
871704912
807573003
211972544
289551256
722920624
935245378
286533753
960727632
205219220
827722718
830966572
420121447
977105157
55960001
565013796
654961326
614745455
58005214
641306864
132494313
80827420
542845385
114510995
210420841
49160549
106334758
464967087
689529172
273099173
282260336
787723175
63623727
612241936
350509232
943826732
121615810
261045509
290760435
616974533
926076382
693583953
973228061
352027275
582690848
439129054
225571509
652004607
95229362
617226762
435888796
918601265
429347931
780818082
328945359
758980374
515687037
489605229
455640713
817015577
391678661
81945037
621645216
984246066
817484895
839948814
105109166
246963002
625612197
696166827
724934710
760073396
921068368
638903855
157623289
933561322
181290495
139670343
169387928
31537103
611885016
818187324
730558973
984819830
38198856
872755279
159983339
811172931
920194373
733777135
766119507
44222668
67078514
443484311
205471339
910756645
709874495
799086915
680015114
719486510
371523139
624414665
882226615
478950545
110334702
399367279
883378917
389779763
828314525
719948678
36964729
708384405
791770740
972838375
837784191
453015962
835641305
941451680
193047132
977916287
386592190
277851500
988766703
610898334
737166754
844110324
307359211
384333373
920998447
210421175
502340029
874191928
745925213
605026548
810616254
922505300
573276793
92995213
493826629
117824085
4033285
370328605
585340988
70050101
677681336
792934585
534190882
549390013
403490345
913237115
966502770
40964140
389266634
421109270
101441099
910269029
960650339
562654490
783213156
421690999
892732912
899445213
967028663
946000656
37803127
788726481
136808036
901179703
700339359
573996451
653676945
787363787
227034786
763557130
951007808
21632533
210417712
866262367
116170012
491968350
651202665
505497540
738069059
950811870
281077513
93228263
875846120
4588195
847062841
128598140
560401329
751983092
986153722
65064292
445714465
642791019
901106644
845213532
592529665
213912418
256997633
934101942
585035358
595290731
230827406
882712132
78320543
753352112
975694449
450188021
814814351
717771559
495618257
590229831
227090584
575800112
929985285
297828287
626413533
730070096
703275733
884430344
445864626
386847000
205117735
555632827
851081895
835916673
435319107
642957190
294673312
982300305
260846557
710300359
684727610
860963550
315177949
519360610
257248609
224072134
692138505
599811328
529045250
39461349
198776622
193989506
893455426
816540843
868979480
290396314
577130834
725964195
861106433
295830028
351054117
149795110
180137893
402299363
555216307
550748698
491962481
693128224
952361243
542917346
332545594
805751689
864237088
339581059
921253590
275655947
765602973
63642456
883321725
13634423
365010107
449870613
685683634
389529984
122767693
433681390
497285504
545557496
579242629
370073092
602392537
546684537
541992162
900651250
753426106
406132532
305198553
214490438
371481685
586874738
823551977
821814958
892838939
397724615
782224841
365168225
327648105
804876702
733116664
863974830
431219643
763571477
738294838
85744571
626738198
633056520
467994477
774224632
786105609
557889143
480808606
779822812
70406897
946853784
381873234
54038713
531919904
626226942
20341853
537032256
571759248
311409104
764149910
157534671
372619467
793314087
448150433
33948760
824258694
266434972
504496033
229192985
381244850
303247860
855541373
611935104
575503978
928446172
891740223
616475322
22310373
265249090
892370920
215816022
175393716
226900860
800612188
577141804
407982557
92209874
67737650
426834065
903823653
180538483
834628109
933581201
171181640
231764434
758483010
689305040
406031346
525535753
142295885
355114256
448220338
964198452
535703198
853249206
116117081
737767824
699692624
364299366
617546789
107638219
143367270
206102838
41643532
428844622
812637930
825316335
881706110
64218655
420361587
41520903
535942352
311740203
367844003
141833043
93565566
750554925
971592982
432786381
313288556
818087434
717498755
92719676
919880023
983893355
421790146
773190449
427671318
876124049
811101361
593616694
357376761
31851915
760393980
314839740
820564844
586960019
410819539
418352548
689163234
508905240
302980823
761682619
879393195
81998044
45531351
881524839
150648354
463434498
858567982
701874351
820750135
317712116
468718631
726511585
447172784
369371255
121228303
398770006
38684805
647359476
143867902
842316568
414308094
276143201
717393160
837209842
940051959
379950863
861917593
10258249
453286308
551468057
792980473
459499413
223721236
330095871
851407902
229482490
914460791
888334561
907191122
663333910
906670974
917402557
145729078
677082540
281430228
24598675
726318775
481454502
527328385
373524680
720320257
802885010
917535874
858245790
20981412
133222408
298326437
98175993
414258780
364717793
613941762
548373576
109970073
189596251
79744199
428975863
745267584
737830726
556527132
50393495
941575625
953522310
489486958
988206567
692082301
903253222
109805288
247774996
427781909
902286648
513994239
37795354
627720030
395486889
168666813
789664004
213477846
90943447
84774610
222305204
201337897
813194468
359886882
524044109
83612912
735490699
15039779
826057843
943716219
438747009
822112366
446837346
406094830
631393998
272127614
773738083
235215661
950692454
634313764
487238185
686831128
643504754
305874462
178976754
435212159
227491405
221384087
43250497
810831507
898384209
484218055
573067387
380501443
539631486
631817539
304763304
928655227
183867619
961031881
745067000
232399677
561066086
647074337
340212568
210990763
571492485
974069720
573338044
252899530
580934149
308444264
739445469
331709875
137552161
514859855
756941644
246963545
94896981
839281006
753776794
598811388
714872079
477113645
650714786
392680085
632594237
258232560
773701257
478875993
184144626
977891140
93252771
224594568
387042596
61488780
510543432
974278434
994067315
693818993
344995602
828227829
112423154
188445746
292843570
78982401
387859654
840027941
751328163
309527236
232060774
108225100
464064686
763568307
396781654
758189380
722107230
857963483
918954886
895967170
719420382
534618392
759933655
429880704
452183823
961304109
915959259
706791312
325196186
702642665
433686659
952090669
297944381
708959579
932308504
666117763
231029206
516074112
729500453
371067011
873375580
167888998
429744385
218344608
621359573
146681128
848599427
409614102
596315312
358393850
860419964
720568986
100022206
39400126
128958312
712879288
654767909
764641365
486958284
465074333
136173446
382768003
500492875
806258204
789603097
800317335
657474906
225005585
123665609
230794933
845569615
253653497
608612929
543850543
665210305
644228123
808463581
521927965
527006077
831187994
948324156
732571991
133137469
635657686
808484258
363468035
6988989
30300846
960586553
587112961
548716676
506660051
330952684
375156227
791353755
335065928
25949411
28262608
454955758
365421113
860422529
500289612
675219033
376752530
235377895
569848980
953991532
31771448
472556241
10621486
503094787
237337599
806645516
932725350
390810608
343343717
46681855
347730824
738879719
106593096
622996743
229407612
888194986
445316687
177417355
739153249
828676501
77617203
778942476
104603329
138669001
692399939
960048289
833986082
920827807
898072314
855030967
490545942
16963990
125160792
322666101
825560442
426328639
366041698
37712269
754723854
947620707
424034449
378440955
151504408
362499108
441910628
993137030
465955236
668251704
902115169
664966093
912824559
664145526
620648873
4598385
267210179
432729432
112935088
485503133
502039414
288038919
138844691
209795757
459076880
44477421
836739536
235891565
567071420
736624420
709663335
912721349
913516327
656567978
707031233
355510425
625996971
934089341
389461193
376959522
545876816
144769491
518832283
705471443
118496620
609991157
518489317
853275979
527549639
301858112
648418284
645690173
437786092
478851757
182207146
691539483
149893578
370435426
752984196
729114046
718008205
907854204
138825373
479670066
410982250
971445688
742094827
704706818
985191182
801364508
421276445
707418953
914625721
248041842
858159745
429246203
812345162
838561066
423344286
658283524
761357440
690741705
794135005
592093155
418162602
863442572
428806813
915634811
865958854
670878536
206462043
982311939
278245063
767432371
480811980
630640903
159462083
763766203
811355884
779091039
993575437
790995468
251458486
905489428
292369126
944663907
780008743
776824300
992107689
11498283
533305156
406507752
335319604
400278714
683400148
692865373
192332262
502835428
783971983
639481683
600468906
187608943
223015121
313047623
494416113
627497705
237796571
996874681
120472438
931461807
922211138
221024161
449207928
270680435
26489101
436973636
504395483
626657161
851078180
762483158
25799533
246679445
204251361
250148162
28732085
158209213
502769719
176909724
422375411
200913335
946647924
563545895
257457257
225829846
983944748
11792368
695906999
216999151
282540503
497497516
314562887
30026043
479924633
479736455
310515350
983875143
713559386
315016795
941029990
342474038
149679251
945716344
501184317
53531607
849023633
111043018
195645430
266114277
971852266
772634148
23587340
613402237
228604352
848891853
873014262
173293202
600828615
259521748
185006801
327050615
23551674
916498600
764160743
302849924
158330196
325336705
80914635
198363192
845513146
988541356
127712329
817506592
550984542
261740753
99489814
418049319
472328564
978034981
166241444
585271791
803281833
222554953
520172189
112961361
36773215
657740547
506571447
554764133
722828378
760447920
984876783
89820975
594111764
537833746
62281550
475426633
125075375
352868038
585934272
798767605
715271665
853908221
833932121
367346330
330358163
770323819
879153646
558188004
719105152
573441855
277506630
534164182
336200454
749291095
998348767
539778051
615348900
995116751
734809475
170972776
418688589
284207408
65270293
396275499
17115295
83604635
545965759
131672922
992191744
12234133
982739270
552074769
540298694
721879175
806464888
786222248
835283896
814293864
570380305
614374377
947377039
343738586
931187469
714607421
766133469
789909784
749360447
310895225
533437963
187905146
417624002
850279895
481538843
191123518
529011978
842984766
480498505
257914171
232488972
269965876
741454228
703728292
923449213
696486085
921756638
607813580
761133812
457493366
507568488
762375679
793063684
909279436
879126241
37846416
34096391
136893254
766122850
711358678
908222327
389936883
558160805
917182001
856766152
308885201
528447249
117721467
798719187
63961074
292383842
321871506
377698356
192694460
336505630
544140764
892000729
642046965
353884028
431230241
170010932
312840589
97680299
595354325
426853810
40048083
18780884
403831206
482173418
303690374
734354262
169107432
644945862
415703003
273514057
658325081
954983545
201165954
418693652
527746150
599039302
726744561
602193659
199591937
199534095
775434722
599750386
528826334
514124785
458279637
741486171
949503804
807053006
566680249
272271736
430575547
822815037
629136941
779592448
930253784
741842912
274059229
317693793
816581884
125914813
227991838
808329057
729021275
714663302
225414119
392066773
386897182
192580305
61156755
555892269
200343051
432362092
256617974
656653296
308334190
679570077
505038129
857687263
82224697
423171490
124347003
773449602
340011954
460101877
747451782
70970606
63466438
394942981
343614336
881466313
371510672
217967593
554117731
590170649
873436766
255158155
941542453
634982802
313452853
14735166
169161185
325045213
391736142
589870579
747401129
78710206
449125907
728818987
938683698
389382235
505976427
56695024
345125062
853551645
273873314
187486322
523648399
133497083
375782905
401281892
696247503
93563257
931522687
541246644
161505606
169498903
403039329
477055761
568343238
116786563
597473394
384693877
578544035
98596167
584189798
162293999
241024287
385627453
581527184
774004669
562750213
338487847
677839852
972506603
916893478
640758630
300168204
344582064
4273019
827756826
425773556
606138561
928916969
106453186
36785187
676214889
158485792
204348102
221868665
415436424
362815457
748500513
749432670
578774660
248372024
649394457
841271330
585728558
179637767
25991943
931060147
469003587
687919972
706424302
753676422
666062451
66540357
990717197
993668724
324246787
180883460
797746209
202467441
376552009
852840519
429165035
119664355
631164714
698052050
423729907
845544726
174732795
740785789
699791685
761354763
248448209
708260916
713933500
249368025
691184001
287335535
940455405
425753196
166297119
191931387
16811419
646415224
480934510
26077623
407626004
587882084
992455166
541014022
738175870
979133900
786109333
786891910
649578267
606198507
304549657
325163486
716878259
823950172
42811856
31958007
639784336
995272022
43591955
872738909
115294454
913302950
779705757
985993954
839922709
945274928
233304774
399998107
741195148
52827911
320809314
37094626
148010139
23615363
459657684
934452980
619886613
952775317
593772803
199082899
930478428
995464239
327232687
678267469
378370554
86881448
418611209
306658827
503608629
926848289
351975662
700445813
883402110
897487606
111865336
686550806
156182728
741133449
27434265
381525845
890717057
506850444
657744493
912674576
392935500
87168916
88965792
156662036
115674816
340571823
304635763
314563598
728486029
522440487
380425356
263974342
999712105
701759163
748680043
895176363
750376418
803149334
495959499
818394916
249775827
447767314
303686313
336389995
915363479
853237420
435458315
158990940
984842512
20861698
621445740
350308035
569742917
127846577
9273724
322489516
588349450
306290267
91000847
644224148
667887080
808121033
376129536
466355242
865501886
818564891
469666966
422180887
266889714
749768706
951759268
862786655
979341242
235431878
864172696
766402129
769653171
334420561
292501949
898235392
65046898
739968135
762007826
600718593
699062927
569213810
115851738
958629563
219146792
169978059
742632267
922597286
677959802
126675352
488194847
175703366
653584026
147198910
319680686
562185883
71950210
820562973
394729456
953779809
651743993
51383273
167677716
246551514
150983902
793741700
13133328
79659341
668844622
165702815
995894380
823220926
700261733
784900640
315107384
511056006
695575018
126273812
643804251
783387930
338992624
791239741
34206334
920039491
328532292
987042428
546740266
591926894
888955072
378682634
317153951
687081857
978578170
929578064
177580274
977593225
3345036
799842110
443830860
76440616
139482234
909902679
401852780
665396268
474904771
439342531
445315436
103723941
680394125
364143960
186058604
447396703
932397278
415564106
920160608
527006118
119764311
257046164
489150580
572571045
943018485
864032134
787613375
943890543
554890651
541107144
27240420
993631264
870006303
712185247
300773015
713144868
481970776
332011977
585061018
350751719
625844861
92369612
790591908
378146141
169619087
806313883
947888830
50808976
441013779
500442962
425516306
3182415
832225485
161913334
26339559
804320882
225878040
462832897
299520748
319665266
453221285
948731288
635404255
210345385
122156925
429228766
5531135
296473845
227886530
733538809
836926149
347564546
740804617
774702542
260038154
689230610
662710526
413410829
43679440
631298416
954542819
564112475
846678229
516818892
139318856
643922173
884891491
859169029
959940758
580716137
326767866
200250752
342230724
499487897
332404817
493446189
783537323
725513011
415705974
37206006
824950967
880670418
803416697
959751350
282658333
640661437
987235254
97080864
480046446
919761545
110500790
552255064
600427471
234314664
511913782
405223715
323273921
333511493
52670375
873626509
121412770
346014068
685413482
671648792
147530720
79925718
567266886
669965960
617292681
851156834
67923553
597600765
406058606
59003513
621949955
887814819
805349432
64355582
970840559
862547079
172476695
734995321
552102691
888948875
460758414
386588257
992374204
462650996
877170198
675003417
84085261
59733688
744561638
13101231
349677540
426615241
287961237
896967117
497004135
366045445
459760801
312442391
259428308
720089357
98720276
183689876
98222752
284941025
233744643
361168447
704948046
704669418
261618042
830305057
126922230
992437319
304234027
843256261
802271394
3592272
921516587
904872550
139566387
443958952
637609972
951363884
354236013
201838528
29642994
658066524
515587900
778797725
579707951
999275365
108927093
433850100
50988409
774764794
249508187
980390972
801017156
632395260
984911852
993437417
789170753
776400683
42276446
470068419
979206929
68956626
650410258
282664547
172122614
289596065
979514866
410172419
546868123
820586349
496485618
350808061
406223457
209388277
741359406
95585601
337174876
431035837
315108942
64127590
592080910
324489155
880717647
180336808
879629687
757035238
385445750
849156200
459744803
515273859
129140466
83238398
489569649
950769478
803542236
927042161
782188297
487598100
609367532
639455719
868845392
662908481
594494402
404612645
743138638
158145476
494520394
621449463
91563614
58568056
406257413
432855958
250021511
898380987
682541828
499800347
653038700
332037946
467291400
145446083
89936334
118240525
144906269
10671965
741100195
900480561
74217545
510574540
867306560
944204924
891022663
586600024
338393190
990111247
261022119
535012220
316029554
707661889
492052434
609922383
211147342
915923375
957777281
272911312
689847789
13053901
116229051
174878737
854235038
528646363
121203867
974917052
243295926
402226795
311919014
788760311
911339981
366176025
308117189
236239874
968804828
662981319
368950171
551021233
22398280
20896013
330062810
893621849
771633470
792013866
511012611
845052439
260120216
434871938
147431099
42043292
811982843
97569097
989181086
202229120
276040707
743450602
739775888
481530695
638709624
581947690
572943260
829162563
631307050
711537457
569882309
243119856
247626893
946568185
49932034
449862576
434583293
474449694
167856528
292228664
59335681
613712876
705136592
972194204
361947099
772390289
344230788
919421679
937943456
32835306
744584628
63004142
963981195
285323855
276745264
150018152
825722034
6614700
481830842
787821553
222064997
431702639
688830008
229235615
683758740
282505439
977127594
975114150
126265150
622168336
861889500
947977116
662392037
499313519
972246968
526465159
56495809
90817530
715030211
289952900
851928438
729599815
732450182
335947660
446981972
322371240
810826879
829699865
939557656
635328947
220484673
945984435
364567327
122568854
580953198
139253393
612078982
359038289
310189545
132840101
541670039
908487753
489480578
971650164
130990336
618623709
384625602
136591670
673566635
987381333
243405611
784467871
373277318
185544710
489931465
897060609
650062760
694734226
98532017
82778010
906546945
412177393
745034216
986780389
64252042
988710001
274019346
696496726
241310313
698007901
394679157
757463417
587938957
920896712
711748193
457983844
821760396
456673560
977292587
625694558
84518342
290061976
501911891
222988278
195169050
627356969
395954074
270638528
365270171
197786886
54216818
348491049
456519064
859546709
875890785
361230579
579534211
878139553
571169325
597305173
357494101
881661629
580240654
373484960
397064298
553820285
54747199
278822970
711579713
647420880
954178495
848553902
309539966
719063700
203096189
703286267
822490124
163996647
367278915
28902672
141744797
514222523
90571247
714203017
678881876
491581077
618952793
540591524
519887897
369326859
355137320
324807669
187391383
173602727
344114521
825388998
667611439
758198158
128351325
633998666
257911315
809129824
262307366
195234506
380812510
417388868
976664907
808976299
277567230
702648997
63296366
375909927
756388102
95158549
903816118
622551913
79042429
874407474
33937678
892273698
982911437
171756500
258175444
971432230
91998431
386513472
798523811
355810653
795060834
451529661
197813156
895499298
193614747
958221161
155693889
808715797
620810342
600221407
537492067
22629566
746732103
289606510
644341009
824760313
488584303
51903032
585653462
767418597
504264238
419622192
351181681
511723643
34335598
776551765
629359349
650335537
864423426
589419085
39549013
391212465
535488956
998213992
131072153
722123617
692971451
521152305
842696207
864627357
955796321
575552008
925870252
76745841
313177001
537935009
743120027
263758061
275965954
480895833
487596817
842902430
794294160
410562146
691830028
742059862
190091037
910021598
579067249
671507321
129382358
232320512
707334877
777718990
673032514
151556047
183050073
720296846
439583864
681755488
302532104
244667012
151616582
157337344
451751769
896841855
867350396
228715872
809600584
432156161
853510864
279683287
168176445
509940610
967537670
666199483
686542630
784496892
533270026
70140114
666963542
227701017
732715682
975245610
155803184
132637842
188823892
616480653
877544688
495937258
694768247
396086677
899051418
908752873
30751252
28670058
374963769
502938766
164807667
227442746
250404451
948977605
238780799
881730851
60216569
835173968
660570050
548556274
165635331
388720341
319534023
847789158
534666317
13109075
874650205
828584586
418627537
905905137
322795334
959000821
490392374
554166129
616765610
15978793
767521317
497507087
176498121
130202178
377751108
303484678
840070550
831725124
319802620
940588646
742281555
914532784
922040600
449900711
214034122
658324830
109492187
936021764
533130929
971251186
281807633
108031039
909153516
662027559
228763000
866649505
402861370
58497053
328515589
267225096
82338848
65392960
292437292
126724166
293371858
903437318
537655342
146375853
578482328
903642808
38792893
805174231
919399049
589618163
970155021
75800878
388056689
690862702
215013514
628123513
997136435
665988577
407851403
25515372
607356743
538485229
530115261
762004755
491488203
257750889
809900263
298590210
85091397
130081303
193491199
9987485
170609333
566213746
926558637
742304836
245343571
447793786
371831167
16829411
998638653
566070418
78928214
145697292
299302656
128546888
143507133
79743789
143457490
473100657
199872188
762898568
297631720
445912525
654714299
51581012
494959381
877740215
492190575
515562727
669034501
795101012
872998455
130798899
55807182
850156437
776290141
541767753
179472054
989951476
758238621
107691548
100230594
495703870
998363492
164866413
328434136
457730405
836597503
344049417
305507610
260481148
770512729
740532140
544529787
388378119
395054807
504615310
815769006
333363882
540538377
643147637
882937887
211951408
410275887
922322761
430255496
465910804
425637959
322942567
522699577
500299285
667382749
186235775
649938614
376721233
704268672
528244304
997931807
671202645
153021581
469248953
428038460
756154205
434214964
421183489
289605164
992176507
161934653
12214558
33328389
353449543
872769841
118607533
321972322
453620368
127306666
220810232
824494028
795576122
979434960
208972030
629606779
215248375
356272694
927343700
802359361
138945243
67503035
352822143
80359526
775885976
648761149
722193035
639265501
340408125
305378107
34109879
956606396
24661826
614545478
174055267
846872684
924867355
708810135
181668125
76518919
471507855
161714003
12469286
927708732
71780025
275080149
898696116
823242305
453972118
145909662
677215106
65309938
846381399
531042651
775486492
68492063
197828861
438012870
893383874
420051404
643708172
718832175
309556831
754372107
707122984
229842778
154116153
93937526
641201349
429625761
501568122
274853946
660805301
659817788
289910980
768468014
40827511
241349215
561386280
376668066
810672535
997568581
179967959
960794107
48311781
882045061
401391014
163649824
9247147
700410301
47827826
801788299
122269089
464702956
405602284
934930419
491241857
791848095
452471649
355954670
38835582
317424100
637069534
236176306
510243527
596994689
841343101
513668828
103983113
694260769
507742872
228557441
164095394
287186315
308061678
561359646
256389904
895491121
843060125
881977397
584646241
770574420
281395419
331081564
257176388
875840746
900858280
120412538
336696146
861553093
795897254
212816124
1548106
386792813
248743134
267807480
818717845
839673143
386766405
473935021
602207210
131680991
603268540
267207340
511613989
774366587
764110548
219620306
112169478
687688505
313042248
478564407
386383355
501076553
188287563
569752633
237759238
150467887
386178499
575437184
273808448
866078511
193811652
458972990
459121322
179872563
262454662
229803199
155699111
788737677
227007331
751107045
973242981
360523942
999858125
71912139
749229310
599559645
92276453
779586377
734322154
233039282
25148734
692794589
966256001
332084276
945978472
984476169
497700819
77714020
731036638
48350643
586175734
357195696
972805909
857507170
783136300
897999513
6985569
971944270
39449528
717130224
490892700
822698456
736942115
203903333
327159349
316762671
689967123
231807748
858410968
689416500
490697022
190907235
462054276
439989734
865379890
354996128
383064633
791404877
28204491
650613843
614003292
632173584
793894266
53251224
226620599
112762137
424562641
83037180
439201460
330696895
6911359
679671946
838504864
909794253
429887079
865432525
17838465
255154790
36296486
288314649
823502081
242255179
440548263
899286940
504948268
702971171
872392413
273778842
572992189
22291703
587629095
197395996
149486803
752195590
287443190
540706522
901025855
425205749
471822223
784904796
226925993
232217349
312289897
481895495
934218152
947870321
65005944
487794937
243975314
160558825
132302359
228728926
764543611
483944112
596516605
105792432
945162400
146180469
707907396
858747780
763301647
303253625
355178031
710928505
230464355
395712705
967716520
728074374
24049243
465159525
369429
521313617
499555783
763661958
338760789
969056608
477605931
724816699
578878374
101135427
535779748
364381363
931912352
208582698
780407599
399624742
165323162
486448992
482888285
27078898
572741559
448256503
473764200
43634876
8068001
963039871
435525585
348670032
768315470
42396137
589121484
189535380
832785599
493718182
748859399
477918645
466649006
623733720
277558065
295117526
52444956
632967404
856223385
904381629
834882808
23373352
372876042
97640016
3037875
748508872
152823100
872914935
605960036
83743892
971004064
656954237
374438594
615245263
985328423
845445896
666302671
294753851
182412727
504379310
908888944
540087371
75709931
58246847
43820636
522005147
555359812
560073744
417356778
101999737
943259796
914697158
690732372
841030663
499786033
136705389
222898289
90909623
937955269
225612016
885290912
793541637
377707944
860924383
786449844
164801169
587275719
801475676
575996145
544736513
799758291
541554505
390872800
13280070
679295256
758343126
923214887
58006067
204533501
225156402
309375874
889252392
492631175
287649931
500930808
90728726
169831192
746415650
532007752
853167957
66022523
940996528
451895700
669539124
487564890
41178174
902602010
667118698
803404302
143414692
939218578
336264165
3953027
782897516
711773226
984235904
586733605
618087976
617206351
150997980
634135489
903074101
927369554
680326079
704147086
981880977
509934977
257352790
150583617
40324193
6934299
233582984
483425091
179105389
205261042
966314071
826034663
210060150
643665131
974312281
877244461
928338684
994529572
831571073
652430805
102904885
166277056
619303857
163101730
25191420
618164299
320478268
915103124
655084872
708182559
108119446
601264953
760911813
820760702
671932956
71035506
267422690
437751696
534377929
888790420
960819333
49044604
191192185
352269975
107580867
666288359
541132044
811740524
719284732
138690137
309881983
259777470
358014651
155870738
232182533
938237405
541472131
187654667
599808589
361586658
805815478
615427768
721839762
742125636
22684566
295907632
741026132
672591872
701060608
794572571
120057205
140129596
959694460
310060608
200287268
174531679
820136138
674140479
329108577
227564068
496533067
610695568
837938077
739261964
576735674
498348891
202714541
411040693
331537320
374145356
321610424
60838635
930095908
783889625
47920115
120474237
45437691
242297575
155164406
266753577
220191515
757894055
40811611
970997565
237059869
690663227
842499014
441160394
805813730
746121143
686770503
773096688
490455965
79147488
101563691
80684208
776010490
157076133
22956352
906709254
734106665
252116022
335654801
350784895
612998249
704654649
154657139
584816052
781664935
320408247
299390440
237224637
867816689
295312476
201018532
912466932
686638797
293122866
759215867
545741849
316649568
113383119
969304377
176795133
156985924
52071569
749194412
633830420
771592987
450554067
250747648
283431514
150326965
706846242
508796835
38249079
961897349
613128061
282106218
815729456
579365819
595258760
178912295
889603526
24210492
193796388
147676441
389634157
279627623
869394952
595438516
778902323
453379472
931194882
143540877
835196688
566788799
507731929
14844714
832623923
580635553
89426066
152796917
247196323
695517899
86373796
983308977
725588977
120582569
655882314
998330796
773409050
606770484
990352750
520194974
864572103
112331424
46822254
632125924
133087164
833820319
47668621
491111670
730067363
860775167
481954972
964838868
988454000
310575228
362053246
585930626
356319529
729154471
345563379
334074425
797816364
380012190
248362384
658888787
796731729
788200358
677688390
472996497
263611527
34611101
406932799
750501096
354279641
960214507
1291696
953068199
150361913
363485629
875471878
385075211
410355336
42994281
242326489
58169588
328107833
462101017
239899732
200966962
904385596
219717525
135577781
828693690
810560289
695818875
299463568
595396824
369470793
363945382
51796711
874609733
95422532
819081736
662910752
871062658
135416723
64624803
953858631
249804973
410711726
841621229
114888117
218298690
311156264
64121725
595072792
777768145
332604213
623665616
947201283
565497986
890926209
738645654
200151403
877945974
546097308
816574756
191941123
154952585
205531924
693301378
385877856
381211217
161412060
841113906
988861335
383704028
441927741
879968440
228747964
753314980
532699907
378556067
324238500
615279862
279927345
560329019
798706495
250914271
743750338
243188642
842728397
482496099
225680489
690523520
676592251
677692929
722121542
480380893
850279986
741168859
516575298
475993494
963623388
584101071
762765313
639227468
812711511
489623831
870062885
26137968
588348959
768034699
823263975
878589507
43789153
71525074
616244060
37312451
613979602
62881595
674859694
43460090
984215450
227428095
38617718
729959306
872175934
567162366
916386330
490834575
949002856
574373064
719889081
539741422
637793990
471690622
194093516
776069028
158365832
766213482
131421313
406370180
567636648
723131074
122107519
976252551
594557387
840870662
765783666
661341725
143857202
928927592
130033581
742689310
561005618
215934039
494428566
372661507
180833893
704721395
298837136
397611858
65254506
528591537
114447446
570759173
963427932
348697818
47366106
498469035
456327216
103026167
497963791
207782744
380913508
715858958
952478771
604863792
677329044
713755243
451393084
789834449
984778502
917705913
515525298
390598397
526790486
131198707
175670822
666645156
101632827
57146877
152721398
974380615
453634297
340940349
699332895
390060586
64853856
823611095
445164020
452238431
340532668
157401633
179578198
917698842
421176650
381170614
40409224
408236203
517910056
126152390
142662525
860436357
571394406
684667617
563045897
525472675
28918907
498336904
426442905
475581863
768736562
635585439
238875645
95717178
513408140
48607889
74410621
386198927
590928133
451948240
933833927
257299353
438775887
855821627
398264349
794300966
489306534
297747926
699490164
75527959
992090526
840214770
408484566
730691044
602650340
735715158
255635404
682801040
228295421
424527921
761275921
532643136
301898595
121070888
23372197
328300763
918917198
770925719
524121593
422385779
457008942
882022246
365785132
971046064
739065779
800267344
638358165
528462597
315186225
571441045
48224313
59625106
538080654
619752224
715772225
963455254
469928359
975738205
940666345
627120038
955374619
660433481
475351061
13504992
613729980
368862751
339753504
246943539
835739983
778071544
80271315
251671609
47285788
860091065
688183
541725249
616328790
874055441
629680663
530242516
901344486
552804637
97125884
839987526
604912264
769949911
767483929
261315812
839217499
764673653
248761904
723656098
161743946
533315613
108452061
569950860
326936721
438171578
877313080
924819938
221638567
9059453
991335428
443709968
765601097
418762456
354326465
637499507
674738371
95044929
906453664
749312380
457779682
38085142
949348574
770069840
153907461
135168616
568666747
220784395
857332298
832373626
213788579
93575159
786777362
217961116
524809595
484574672
981233758
967275739
85780830
123857120
218908501
624484281
112690856
36472156
502779076
614983308
230283136
864807355
841309719
89607790
149190587
47048063
75816381
913920808
711162904
190637394
663290021
407928095
142904587
21446900
934875948
645566177
442945604
178990068
254735811
972898681
614192327
685334019
727376693
892211529
263117581
807963316
51697211
319279826
956561749
13108898
880986542
443587271
137192915
860240805
293875939
171030601
839262980
184108790
427768582
925613604
26047654
717713190
786703702
389467283
241799879
845269100
630931850
628154638
796483712
957850627
159538616
43515894
668023087
75395886
484039564
974501254
824767427
351402385
111541372
92663722
729664681
553553529
560822473
33007861
303532105
564719591
554018021
510398319
951028694
474677964
267573222
294514960
54068614
304576092
882909756
66769467
925300922
815909865
744647792
271431705
804334710
143374130
444896793
28524885
834698955
530080250
313198150
281065530
245101499
921164627
373292624
503014144
548483757
404377919
148527258
784773231
340554246
837768075
634948819
811435890
764595882
645856372
757140346
720638739
377542739
743246220
529902482
664186754
159238114
297037548
389332289
802434401
786864797
961537310
114069152
93410274
959268366
616882004
925608355
950160965
195416900
494854596
860178404
973218544
538658563
300676184
329686908
384210651
385635072
733384432
610522516
518601100
245640780
999787158
589794608
529245161
884392517
963476326
841732472
154547680
104316825
889610596
290304874
355765480
247460459
793269022
259813298
442492779
9341868
476279696
666766340
714219466
416329484
274136444
170376532
88682786
629517786
115741663
465758658
846879316
486419003
840134624
218828935
765920579
552511227
784862784
160700081
590703603
163976270
169919201
336685986
217200747
229079993
509243325
703903882
695493045
434778143
987622489
405282146
488246647
910555641
558071
682028485
43673626
830304998
995734492
734466518
829862394
822878919
62046900
957892704
365161364
572674182
516526426
573672569
649618887
941165008
716826542
622563384
636782696
50194302
467687304
90313569
116664310
25053701
270723110
829781797
161607226
727207692
643727239
631578597
632634421
343336869
226169160
58407535
781363326
677373721
519228679
224238033
283924920
579735801
245660118
79665805
265063180
155746530
20316105
19517343
873332103
701292595
546083275
757563796
647090543
861876642
120290498
869385157
354092966
567246154
939216050
25540568
910980968
660294857
314644855
394844571
536257001
25450652
568268455
889347296
705395818
163992306
913018670
310875248
729839005
846177290
762633615
469527420
570980334
872326395
764748561
130593710
792549775
632896240
126487902
916740317
375598871
393897169
925821641
906000172
45720599
501457197
769215725
853265247
163822933
201420565
1704623
585407868
687495967
381131704
835623823
772071437
455194343
708955029
521551326
790378493
834568140
469117697
853900525
224135015
485314780
86883716
421077325
497072168
18383455
696131517
127334124
971014566
125368366
902163989
196069631
342468508
587070264
746469342
188566103
220309561
343429714
554877632
219501863
60152506
396564997
12219997
883440155
471685885
456883540
217938210
973904310
411525805
824236125
709988716
743043102
197124003
727544776
147965242
271329310
308726397
295142162
524519883
598796699
539489630
13741108
478550861
381460515
78686229
618432105
992813892
388097282
268491362
596188592
966065164
805172198
76179519
853582636
767258828
492180755
705936679
166820648
97310092
346508006
319439662
892719502
38199338
707371325
115160976
664214164
769694472
368045095
846254556
553003029
315390395
214244571
513866477
10962102
624927931
281782737
856679136
895239809
453677806
149979800
769103909
731222359
761793722
960375168
669273525
146560390
112373676
362923167
293550329
301240359
307102381
539086991
665731550
553264542
368685506
899357686
275679705
498378250
233871127
87908830
733438638
953834862
811952835
942270360
745509419
861282969
338087770
433113105
360015479
797043531
167736861
919917293
114948455
577478036
41683882
680718676
420126474
93638470
146394959
678579499
465991393
42110532
168115975
975859856
112034429
663854711
152797676
844098772
890328656
473299666
414847517
602215410
458646356
686202264
199177734
94673169
834928668
454256660
150670881
910704787
863557399
90412148
852499635
868022488
341583273
853048895
196536639
448031912
114085379
236912893
226564225
433404777
91208119
223159622
208914362
861702204
901789853
9510555
14311646
488137171
77946058
672777957
606110228
810013188
178781301
565045581
78219427
439435252
116705551
828459330
46434943
861115210
83110935
668444488
767110030
15900416
566666985
703903778
412892866
311464376
435818386
5027
692314235
600817259
730750040
299619142
21745309
88776290
378108901
92241212
163137327
157470646
710577547
353023758
356939378
509115174
621276390
312783709
654760079
106462156
447203748
674146508
316975821
65192264
745403404
12542805
563634916
302100820
769338336
925503426
270268471
820378596
42282964
963246269
194478343
616569045
138016691
893295582
667035136
243652116
254349730
95339254
660546595
908963537
391470944
371742261
188775608
754007194
555425918
926301145
593857671
347445733
76313429
805661767
137210099
942002173
99511072
564293968
579138783
860642444
491118544
61407582
528980671
797418924
717882959
961852912
255630018
3145526
807070665
717064355
512541593
387567911
124526641
844871703
178612400
799397029
269384482
3782683
988176862
745075984
974724487
656095153
418655962
283117423
560551689
296046546
910609826
850845866
495995359
729125098
68555164
360548643
305956685
818666499
511649037
515446970
661721949
599455987
738680163
540358276
857360215
271153345
187858328
900728185
264736718
764410132
481167521
943312042
101526107
928585136
192075887
468942250
316825889
285959672
901966298
119633597
881173473
224529757
115898107
984229121
573273019
603622742
120812457
745101235
913905091
846533086
571861516
966977134
30651859
691442267
666700868
403513572
141192813
667389799
25873514
597264903
188634788
53687412
604973079
634686220
781032531
126791904
701150818
935519131
933264434
974623346
504530897
815295459
662377693
429637320
635731777
716466504
900356931
201523565
310062307
286735082
361001880
581439
57762326
464602239
58692546
322730825
730053922
639694298
583428036
123485360
447419995
613145154
391270148
422832238
12922003
348213636
132808930
87700607
930156078
698293409
94556060
67453814
975519792
65988479
502808531
753140549
899652407
457357628
771733506
474072908
945911966
211103511
358823382
777500963
250684271
387781454
222201802
980021039
62385663
56994243
231349423
708720468
89239310
915971628
332372860
199714708
677188887
26615494
505616044
610531661
433576851
955985900
355117243
676864596
6857542
790970204
745321401
188280935
859649531
655730133
129293836
124037573
864938153
554563188
681327751
882872080
726794294
468547068
196432228
524680222
408292214
817369380
357828635
558451169
597803699
779074227
977020011
660540607
353007303
154733803
586029698
479305047
611044948
959575984
624569720
769692094
937373911
283724402
393165716
295463064
892643391
264584899
372902001
907376902
372726378
449273444
709165352
308464294
979851850
758510614
319251059
774220391
67332750
7394381
106730547
122314246
228607484
682568332
521743420
865632104
16649514
414132068
897648137
728766997
360764979
370353283
576452898
531431451
162376886
979579892
970782225
147766545
693853423
720235026
443878198
973537687
90401581
466329772
997179055
971779117
404299419
105088640
190510817
895347881
273073218
330417860
903545885
876680237
580472826
103882974
442426
410493583
636920384
733958821
94799459
203607884
652913028
881022501
782985113
148204281
754295966
987421293
672551210
16660087
922018121
805748149
56860708
341662305
727929967
449046620
627886539
89779766
583618865
918064778
813385202
747338958
989567276
559553018
294279890
530177448
474226310
511129276
745384400
674060637
152591656
271227001
120982463
736821207
576390784
610177572
745966582
756933218
983662564
399915340
673826955
812357108
524590092
232696185
849330739
1520518
317642226
487975775
931946309
238201399
908383697
265711099
924570590
782514027
971695242
146222643
908400665
978029656
40713759
230683704
994223563
674694020
14252032
8029561
809544984
716215852
119351487
631569840
116473757
775966156
342905820
127722959
25604284
668866871
527386765
251996581
931600250
506839012
154451709
45674020
856594745
152259078
211289451
947232250
42759315
653693791
151613813
283402276
967319838
187401376
713073462
494198987
956423728
19501108
209612006
314341838
799707632
28810907
571068023
777758603
343035396
574473697
479740218
418866617
533868020
270121473
763306812
378406920
375016281
672970183
50713475
493861936
444792635
917781734
513947021
101592525
186619177
164783223
892224835
994391001
416914560
643995462
515118999
918720441
196409197
925714426
65616441
199748888
500651264
6722550
726008548
236987193
889709131
32886289
287168112
838804863
464824043
169056976
523393234
33797097
800679047
694931941
537934043
771271603
752322370
263456633
433349452
931763142
813896756
990064918
558895126
458320892
799582742
958603930
688057501
790944058
48422641
925343290
586265005
313326344
845465110
995422216
977855345
385226106
76621759
701673840
576741821
666680949
487708822
739398122
99802266
438849904
527309889
395223422
551774227
235247226
734939977
381307555
277516258
875313443
89830037
679089894
937242621
165097190
24027139
395252882
453601452
601432727
398140706
558524988
410560636
608299583
2458753
531378435
187378549
819405151
202880943
863957962
61236860
500485013
622524910
886470274
950687807
268517267
757015816
238444772
772385187
509417444
363101866
876312565
902725813
810752445
273380298
428383041
338580054
572814995
541356730
972716197
67834996
762465033
179954902
821454437
202955386
730982660
357393404
394330586
752362126
233026141
55749150
916599972
778620050
158667822
436889729
503152545
410303733
254295898
415988521
81770731
269038343
269443123
312113536
115989140
260958635
18513644
609039505
222575655
578387961
503966563
103611475
835551645
879795500
59839688
474143318
357093792
261422058
559494961
881907036
771295099
476056174
541074610
674497251
162994607
572852655
701678194
144037449
133526769
766848674
633986461
590737807
582667626
793021928
360156499
832510562
208240753
559746596
271319407
774681776
609771211
370379694
169200686
103231283
675416141
572659271
358417940
198177864
689103953
397247477
897076855
912660045
483005828
99375822
560918252
365157379
646537615
196295848
51960306
634889755
391006510
23266529
988069253
235925652
715459137
915878359
982505769
16055282
609461920
389121159
528179404
518535879
959739247
513001234
128888780
421676709
520098592
215352424
724500751
625927021
831819012
179183450
300020885
190013609
485484306
721055002
337796157
612134932
872561435
137132899
323850549
380461055
672539228
860443006
257486076
41032270
241967408
856325361
339846720
871960924
977634397
470799425
798630561
386928300
255233419
319884537
125871243
12672434
442043088
188591499
512848842
803745547
612974878
774051345
853496237
900690812
652370149
856953860
83550766
508652678
624847510
429132941
209232658
368595431
313279364
971507898
40683974
142647679
264654580
818643043
352979755
957466714
340077905
836049429
968703266
271994805
277626003
795100335
77952262
367227250
691139288
70328287
147955200
909153218
310240411
309125108
936909120
980419750
695366810
340238487
143024136
597739518
218191165
689613557
255463340
7392556
513398882
915464533
400821314
36664771
829990189
624689724
882596404
282798155
541541602
882905359
84765386
884331477
674320608
877455713
268743987
674555077
103505797
545462708
360364209
191083031
682872151
773605012
216299475
912236070
246544093
930453101
482329838
66829995
219385152
560867501
405770911
326185134
131740676
322469836
53741565
956735151
44344705
807382995
156573264
417025675
326686722
691465497
220363647
433149305
335631448
997601840
140670715
483969395
613613772
692368740
114515614
939318398
543073764
536920702
65785719
89434565
295728940
702488598
727874506
405468769
201421934
306967818
468898678
382272903
367537560
116883490
486432412
867469613
743947380
920981951
301541961
940213893
520056871
382102718
35794875
454605248
155799744
278916014
756254305
966047658
193738290
573070697
822666844
37945369
898119238
355419857
235469748
801270999
821189281
251097277
286960536
863774782
762875874
625139717
374145836
94496226
264087725
776407838
178781649
777576116
467813633
940362039
297401252
793344900
487072034
281151601
117707294
696646889
512706990
473971332
582144315
390923165
128632422
738821148
532518803
556667885
857858671
196642343
933598963
654304882
379021539
86520080
131581794
217559075
640124009
501729233
906719779
892458431
842258198
663350165
992087146
714721451
479214886
584029960
508760583
340472889
862420341
175539599
7294270
239316007
367277203
97549426
979038009
16373627
205417581
161099192
166870284
425111948
288657190
454098116
926012819
695772228
258471779
219826759
318432457
870602556
186910656
379432579
958882667
43430232
17578478
237567914
497793585
364570358
542586413
240514442
327194428
893660094
151270838
606999604
1082476
697813158
810477781
10666414
320233419
213056328
781284889
55390608
266400387
322135617
422796808
271976667
356914886
439522707
653877244
317430252
458151692
248426428
59643722
872318747
796236858
881721992
387511230
615954178
409444824
754482713
870705997
738605428
241699042
301455996
897582778
896645059
294162256
161865535
625665844
153631103
135182814
819072496
771254062
920772189
101330680
250329005
791279166
930548716
582600653
393416192
529906629
951443212
851425042
434807381
784557228
37624503
370925849
219978618
134309623
466218427
893817144
347538551
277949570
704524362
7283889
418942454
93866088
163203504
645712343
215075093
733208194
833719928
775798280
310432218
552044853
43378735
527881106
250264299
927864023
380782182
655781643
798103377
54301561
734622196
22509047
339440245
750398346
580590792
586619498
447806330
741595546
287121942
302672571
618828458
704478978
879797801
728304739
3513813
964234229
799927337
870299922
621119879
808487921
334202504
310767516
920113120
825899293
678500223
758710693
513605271
783184790
710807302
296459572
205262832
728747248
408654386
367176450
352429833
192398616
163012025
418023228
935492626
178620757
831872155
850897027
780651966
385262403
456607123
685068874
124311246
984204258
149858893
141531819
887954565
22272180
762411935
837761257
355013519
183233657
588891696
837271496
286699827
961761089
554742315
226761353
690431018
856989628
495170391
972528935
214405696
734534986
52253093
8750086
220563384
474273752
921810195
140548370
898610915
950854047
818111202
719547768
121449575
195736915
66337272
26590600
292755908
521216550
899746714
241576373
983292095
707544807
47422160
963221080
492571893
522960775
138408307
675149294
835839958
197850741
700369067
362333951
913407307
575921736
798101067
917835946
573698352
356251410
468348275
877649456
786273492
227190787
547434096
295917296
383400594
135370734
863996724
564099465
669543875
245919235
873936185
603685482
752193996
707114952
927662027
556427434
510904214
562117543
146457249
453825010
78852754
510556377
880796416
361456755
440121654
218553727
607372736
45261390
206306169
229398951
138239539
620190451
523237029
39321892
570237738
298640707
503324153
417504461
350445309
863570102
729436299
947221672
567121642
351986228
643016558
548253618
132387384
767752580
406278184
279913823
80148313
137637576
415911747
696168932
381566457
899406190
573733431
17226871
730468991
613780053
73252767
676226831
91125124
82341195
622535556
492756315
237833340
323916517
462537068
376176576
598081988
187831064
941876146
234447825
49820155
35809632
267688238
719721948
778843551
153609033
566940287
345121846
886734187
722247880
764945836
448167665
335542508
701163
102600500
522378629
806377492
878306661
227593876
829955451
488414392
727367908
267795275
39008381
77448183
771502404
134957260
215661463
288253353
865313684
979384146
444738321
395272059
662854072
664377958
192289712
682837212
80796422
658831409
252363293
168185701
139847925
110475452
136969537
32516491
521741504
870305572
86510625
182921857
951053889
29432104
940934571
497899193
14307833
289889297
495431174
647691749
663813948
805259016
888516600
935240714
363760752
592057300
874927007
943877099
67052672
444778844
194991139
13966756
571428930
377874060
103509544
28309152
448204193
234990421
415551942
635541715
595473596
95322323
939995595
191350135
1101310
782812847
793115515
547148624
299635812
513384832
576394207
440562642
433125353
132563075
433007665
909055293
860648283
178342108
533021641
854687829
393389976
133923651
56952060
941277550
680959445
402378549
754456465
994286535
756296557
356356227
94874640
325346791
747398487
601790961
845503288
85569638
705407766
498063359
245914612
674988211
170272793
602127549
451516098
955120323
507361737
497950722
943301732
167453508
317388269
775558873
32000190
171882788
231472294
469082792
862330386
955439950
416743224
643831955
503572291
872113185
732532190
99048963
832423373
535185679
29017341
621101500
447981032
949467542
912585460
803569756
129488221
352465752
124631316
482826013
940037100
730246350
946454727
404223594
945004216
227033366
69796306
387109612
61413478
270546437
208930351
534702102
133253529
506100734
304609398
799808826
624035350
626908653
579474660
496995252
696618351
336463308
117114238
569266337
877830659
281951123
18789845
859541295
755311374
314808450
888645522
950274059
885482231
344023577
605455704
414963136
443941299
107049819
633263442
93026235
953085173
545176342
479865484
754544764
277109601
749938206
473335861
700094049
774070194
797778407
391164805
571546799
924712495
112685855
159753101
224842545
740751073
254946614
616526926
266687324
831241353
333993409
187864335
23535026
665363288
688761406
524391712
367297561
687513474
986136297
963817477
251316136
982749433
578582006
499283582
900327342
764579554
250616457
857929945
540022450
693499733
194323957
269279502
478913615
287915181
441167528
782403926
163486160
365106718
722182993
180951335
183708492
292435241
812024188
39571632
256886713
142514301
302975504
896186736
569845530
624624224
157119994
852776953
904347235
531581142
39301529
691696180
926487338
249117279
207044179
126688476
507467575
106252502
14432114
742896288
835120106
595558478
263978316
347897537
346660664
747240807
565208161
390471104
248366887
242688008
114638305
540253873
922800013
108918899
971482924
812395690
549063419
463634878
882681167
513387278
204866496
489880316
534577494
280368820
825007476
275899010
927250434
933324106
476540049
988682275
877584718
913796040
350469431
293701433
657118902
239260368
230292053
8768316
910445004
235938711
347427531
926183101
375767956
104092764
232771115
522355343
650284570
657592683
680657561
821318109
701021393
139088327
490226243
192789101
741762855
886557831
629373416
906770026
592590185
293148308
712032921
701576878
547495621
356878500
875610060
476262088
388496499
969906163
872799546
783202760
602863182
565540533
519173103
823890513
239967520
411074923
14202424
825999897
48363705
177366633
867528513
360954563
954557517
221917057
408016957
516841341
312385273
397544529
460212821
389781427
707552866
493824718
978805640
151291408
422075170
581986451
336846036
851100491
720104046
875078321
444403014
647395877
71405991
535666196
990133658
989960688
99120620
845376157
955116056
664436918
745726573
352329676
152196336
535248244
857360365
744902409
190061159
911447568
803821782
597047517
728863847
33849309
828575553
825737716
695472845
421697063
574220492
456183782
580105353
358675632
677625370
202336132
414739480
312279804
187911682
783886437
928625008
502534090
821731041
344219556
326084073
50133342
872754488
26744490
203261120
672913408
824892649
223003797
861358615
489992948
807954620
774094102
160184640
687914139
192721474
596205156
392721559
757518747
200385377
659058396
359312799
19521090
985517924
260445216
383596173
373898687
126200352
757036693
111483701
18047447
345099684
164044698
378857073
165506953
316575718
213035077
630271567
667415085
25365829
308730335
428850741
135122701
212772170
592942050
973362008
513338616
362852883
802797882
589916882
317379704
327246719
177201102
901433614
114721884
848335225
549242810
450421971
434332454
274465361
500590223
214776187
545590854
345853188
46612242
422489096
408500935
23814224
608603640
897709322
205900143
981154017
578238641
858928911
405539941
595683398
958458108
537042357
629906475
969681570
408157614
457644622
387238450
446955031
513180232
245831407
174169816
558536722
132774036
209641451
267995517
466875260
838997736
59388200
293586266
617803735
704744916
627785822
495377314
632282483
394806865
165102755
274977259
136219328
276927188
454466381
789118021
469033897
905867067
614073507
264964023
947679597
245255417
381396190
91615460
245472723
636987035
918494518
331785735
396782274
404526217
725333419
547261858
728899823
445588917
444810847
90837952
680658450
444928515
802145778
624307493
268888132
457376464
755742003
627875516
872280501
765511234
332570023
986638738
766545441
501401516
210195460
798369143
653205158
90439103
934895933
602207106
462157803
586229028
827526449
587922773
487622975
588372759
144525340
23420585
500743505
263864592
865889731
622057992
448630623
47176977
66153031
770701768
215553972
278558309
702349342
416457630
358530866
757690241
733428224
848569727
122549017
231925647
199529801
325693031
235205479
518369014
957474449
202172062
150411471
594933716
320608462
562279316
178511209
656898033
732830185
572329784
890806405
613972667
330361414
758426029
467189441
269093253
612671170
626405308
66667628
422415878
915827779
147583074
21790398
472137622
547471213
335675732
428777906
231296112
219228690
350542300
166244625
980908066
295839682
236195428
535373077
689651224
163979236
612858359
692700267
184417811
930795437
285075035
462056919
472237471
730460737
433339594
59626840
716302417
890320573
534142255
805933430
228742952
312774018
966503738
496337765
354069273
936416451
936624859
398904601
22136568
336241957
243202829
25450580
650849409
341717114
278602309
685141706
106880265
553652940
921515307
753657654
610522065
897853322
828778804
893218335
175403068
967489542
268615691
351773558
501781917
391463729
581314496
214634433
129078438
268466378
238455366
177766536
564575781
862976235
63008590
499622596
835687691
807414917
295294153
430644581
771973189
582446065
768870896
320284270
299268742
139218420
402553707
500005139
628722226
191661556
965898109
624199556
715349179
784154458
37301682
329633735
741517442
876133951
213474895
988461258
188186665
146104829
298897067
880461315
621458810
414151395
937479716
776113143
106595488
322235631
380081897
562956813
660345722
942553649
373783881
644476615
497281794
261394829
567780987
769619338
851551922
32734768
433682993
904244860
134363919
868529610
261769645
100880001
693807870
362166594
941289875
128962649
396659155
846156171
279734109
197431372
919625057
601879494
471041383
384091123
19507687
789275495
198545699
614403741
97351450
385810134
818507863
553194111
819909718
227082064
27761735
237800528
584758978
298916969
207800459
205473143
318544968
30511341
738600036
941987449
604933049
50919122
505386016
668402599
467666906
172008894
300461621
86646627
877361132
906447372
674957821
641427475
181906335
208364296
639382133
779874206
167650831
313421601
451266735
892783621
776302631
417135463
259319712
317562226
474046135
135219326
746805793
612405607
361128852
697314745
123196933
794780787
510179351
349503845
538419965
991634486
479684695
805427454
775767786
312219007
928011407
825199186
921386596
755124885
669281618
65721161
193129929
411834633
338178724
122723113
804111160
666629835
239199692
149048602
953888861
960802902
852256251
998114615
3531502
614682640
500181834
577549731
462730343
206759580
308698105
885594350
744310646
500295856
553676607
697055380
74960743
791539675
92023105
336583983
176779667
833397760
373681478
596232172
86498964
972245676
460101520
865476347
802196667
375774877
759727283
31321612
892595135
811479672
407555041
900958901
150936417
803854339
491590688
506292464
641993228
655521714
810514816
986926962
720606526
696719796
938834040
452434205
389568202
627462263
578590190
370356509
667915570
492680696
571959929
84318292
865414850
773580001
170359735
372603080
838917218
417003105
648753651
551018890
490265054
351685213
809695892
348367690
739805761
336682875
432075219
555126833
312461097
450378877
641770863
814237804
360700678
396465157
58324536
776803743
946175404
321602959
486507039
157852325
988135660
637539888
949965049
234956704
362380201
184774779
9529568
430078285
133752182
274725787
339346905
571592338
398418773
401309938
54072932
505048220
955803742
635612469
235213348
196549711
816856494
194726905
745035242
796222987
356599771
747681186
266543279
840351213
20178455
984868723
285684458
43375444
552768329
654855589
63645574
213245019
618185331
950303593
279714729
39906203
708503005
174982177
430082163
315143178
895482162
751493769
347383872
578815477
70099172
452607017
502757692
468457533
583141636
848133202
232337120
41811054
185191208
501795975
219433129
845755776
663238519
314790812
591531666
967151780
924190070
200356212
952340522
306595293
642497837
495132437
883136960
260819909
971540654
936358723
39115210
263903791
89909559
705582019
352213876
407597127
430182475
715465470
577043588
691851577
404650533
786726528
235321824
7369656
639639726
684978808
645168460
641555169
678958559
825201184
272209553
173867522
601021346
874597308
471893664
608990916
479030641
703486804
261116403
605263826
784592860
690201261
925208170
904100293
789448102
646970097
132760631
501632828
474363916
161454466
167891139
653162264
193586876
445722079
835965701
566217397
302731224
334108091
334152477
596113864
786988086
623405732
297968940
3879015
763799995
474027484
810191553
838860938
819495219
378991324
353142177
363183703
26825814
200851804
670555291
886142491
456678277
873117403
340362536
638518951
889134271
810951797
945480254
864328840
30607423
429099304
793553685
344728612
424313119
194410033
892386248
27358768
134376864
605469481
437069886
535065677
251681606
143025024
608347038
650627582
324962492
152023531
279575177
863185027
142696104
821558671
419279059
401976897
823789011
815298009
671411216
617351606
504411856
750996827
385699601
332563816
222794447
691469389
822646230
241835451
151152223
56930577
709652106
818103823
782251303
850587631
38859465
397106589
699592755
842018960
653827904
527260394
455333768
200167559
197527029
621646381
645682078
809714585
343945997
608525584
558323939
906749215
54580587
912418640
95190612
61346729
753500454
984678637
998078598
115548058
655466711
972068407
849250824
116226911
838924373
514177685
194160158
222087655
497877051
145620497
697892023
25923759
697939159
504481224
731259518
673999419
640634667
746668146
423929407
169289563
944684646
521885827
450452326
770248707
572380808
764074419
18028542
147962465
687914957
113126672
749443002
155654340
296023819
850208231
66786481
948457406
687608758
512441715
225358397
297090261
199146990
579899743
937722142
946651155
797070146
50233906
932169908
168966482
380590592
867038818
545016057
954350529
113939759
556334277
539019006
117206880
562872943
126465793
839590914
492933386
661360950
93323475
522448200
169808864
765730450
820776336
415281037
78504054
521618627
776452498
584676955
402353266
118802308
977641716
488832695
892551270
560657665
271375572
880001777
300794355
702157756
194409007
389362164
271194084
104003342
473996238
647946860
767018222
915027515
937340503
57712498
64591397
583770281
524149862
79657811
691935808
837723917
572145790
440672711
470528829
216344953
646078425
306848588
308843838
502509866
42914293
870851714
756580756
172530749
503514847
541820117
412695528
153677342
802455473
924069574
358077760
167856662
780424077
161030946
701801406
633346914
112119385
841111171
278593736
479873004
770830770
288321334
732454687
439277475
337099591
173156468
592460647
224881962
164844504
333607775
489692622
677108363
230593395
119035046
555354757
283109308
27997697
892027543
739322345
524443872
475934213
578405983
552035716
78099605
313013996
742183913
225138569
382770704
946802860
429846251
228722185
643781220
172313513
435466475
560402064
157706457
28322220
105083311
93860545
794962498
491530569
773341740
534996432
850582973
50649653
665079473
54479060
409509694
434894080
946073617
888470609
80879563
932887872
806305289
886850430
478094
8742756
875124275
437773546
752173837
726777188
973411269
627013849
772616162
113149085
600101875
787551652
823069886
129608964
150379858
402491376
599006531
147066744
702958741
210018078
768496209
167510242
34333252
648246063
762057921
886970534
671456244
780226013
942016271
665611644
409232938
159292992
943035283
264916758
721513505
196618726
761576865
815926821
275690742
831568337
236279036
412657670
553450977
999317553
931099
35425211
371309462
297029370
36140204
844925335
947960520
583225928
502276027
594758039
56162923
823581934
427613511
119018640
582076858
104850891
716072197
781221903
743756904
120527086
956250893
816152941
353854350
587992001
887730470
970652885
622754561
350316209
14753446
100649423
843806378
263444219
603077712
984677225
646575322
89624319
510833005
561172308
895290425
777606221
784781982
661482649
997665975
716688853
47024866
935788717
145029347
768567648
398817491
637949042
642431883
57340437
20963185
187046854
206318275
637283690
421927783
656841366
992873443
147947293
137893732
96803400
132280970
780255789
672487017
466523810
477112859
375665009
146274728
359843088
991192021
389594529
223504175
924102859
385339290
855729287
475362523
454967458
354156602
703409468
152691746
238630091
819040205
726220622
581903404
152370098
254199927
848004847
535282422
635882614
556041835
872007272
703324011
878079954
919731565
846960196
370343003
918815341
926997103
684551103
820894434
68469787
563287609
361334196
434736366
114588840
930411042
794595245
675942246
264745186
681874666
213160114
999697153
586808842
703658857
471767641
835203115
915084882
44048855
414357387
679040711
706700541
842961505
902639519
280412549
35229387
519413810
403167670
953615060
614010733
149615556
678737959
806752190
613405950
151184054
494887110
604775929
409893306
675412935
886455599
254397762
310457611
391407545
853699835
459843122
699884896
299402081
758919880
266074988
894288187
36846323
216886340
783503733
495605958
978490520
902868555
359540398
513911100
732258746
150764127
603661170
89322380
568399398
259317897
28791841
400698987
774684354
321547272
511392723
444023069
282855464
380220615
392399102
723399236
480486391
73458282
243698728
892609580
162353040
347045935
636802024
568158950
487372389
5460982
512722753
174045180
311076431
747867420
310676
772005968
212124998
471623631
895254972
766613426
218767322
482823653
352899875
627474805
204267603
608803007
205870517
439260151
774748601
998488524
353008917
569363869
426701542
704154885
745406079
604082881
196612011
425659963
796336408
500872394
209561223
204423875
864001056
210941701
348146606
665114167
5693072
631387952
664049406
664090236
962657332
272811934
715303570
459789975
418067048
249607037
422438066
297595031
143951713
160571288
269953023
625541729
526956777
236355660
323330833
172558225
258589463
328266625
164050636
762994990
141344638
168602365
294976853
862837829
660425285
83613159
318254583
276140151
22029672
249971692
964908077
296763505
307893865
347948052
498415557
606777719
421600836
293344002
57992533
23408986
358973624
826596676
33669314
377319160
304056431
366654078
330469971
95010819
663393444
966258211
231736300
187620763
218925090
824318596
820189769
595332125
939223934
367373406
374094862
308741529
613963741
383668593
568226470
759163411
305386178
735943772
554669843
691212442
211221253
829199679
96104271
786375974
212921827
620786295
628675636
624868284
782676227
321427905
4495459
101818841
641751745
261825747
487906742
499005994
804710830
292734725
402017128
321790031
618180271
688328843
557676647
844488660
122065706
779388877
802626753
272609213
704192161
813862542
609354514
666455035
186583486
723170334
726906160
443001984
513681291
873681590
177861183
938880861
946555813
17508274
403777023
283114399
202747608
684418793
493080459
593044704
422888719
925302248
555843673
422043136
197516353
94967505
873706652
459451662
717870573
380806515
724678683
937300685
171602635
841092210
327142850
682967325
336970101
524880844
786748256
719867003
800637038
840561472
543607340
197666868
950036045
538246222
363115563
270451064
594044937
423833272
854526857
172204576
524496963
61952727
391545583
111612708
637502432
148654991
819099191
413560678
592080005
987800221
780691024
424080289
500836670
318495661
403692192
917926209
813514836
125124423
337064699
916388575
608680087
201693212
797622050
739016951
636165038
67608289
806935966
830199927
465807759
869856843
919386387
833120597
12399919
708685538
176607434
463776097
303427352
145257664
952739616
767360331
626902198
581060774
652440458
626582239
293375978
623334537
30301201
772470717
173466892
224864844
899808651
77142947
270610375
357187800
74268018
896487625
501247905
794288343
965438946
623347199
321384500
766926714
190281088
361620090
712317517
463836467
523039470
199743000
913111616
471520136
19029762
594641943
618548407
173483919
719368376
284013728
679340987
229066784
249869678
175788391
940268211
894463869
887654165
314139564
236821362
554713509
77185989
668674339
11122878
954304274
492934385
974593709
452704575
121615301
34961464
599090461
587762175
100751512
913907999
477546765
895281441
71712173
984367922
222240113
204369835
62746348
15465206
147777296
761160135
770993743
542318980
447456222
146191331
495098512
928365495
488064903
711621875
83138078
43282533
409606360
219161606
279615281
240256315
164483066
928415535
358166903
923251756
444447633
835563213
480093726
56693123
333174385
784418114
273575629
317440240
479857707
13530114
15104930
294417482
828910714
625345310
641180689
688446009
523483076
101769139
639085901
782599189
270494563
86580026
529881921
96728078
244826625
33519645
647862811
89208588
785433184
216041372
826994799
714114959
696341331
606432460
950198943
814693743
343763995
393759744
32300193
663734512
20590049
586902857
732973917
339775491
972941878
497260611
966249372
306847672
768135668
377224475
108695662
26069530
387950809
448669689
318504704
980281845
673793772
881179863
120141113
947092839
349574455
479250056
482167582
39646203
892664711
433373007
365301423
413136115
62985267
363568960
466322568
263608091
352737753
307141382
695612145
939906191
117237635
20666283
676499849
244557023
990247897
488180910
381471068
840695023
725666476
405787887
342046739
36606527
563963656
920359498
24454977
832391424
437072358
16877911
818808720
755277279
904398790
306537960
851425178
22240212
627860081
12577607
707897004
958525153
822827832
41747106
988336806
87773341
139900833
598386827
696042570
567749268
566183743
712449325
628370780
91362200
44780749
260999481
881425704
954479758
515340750
414577436
627889460
615302293
267857168
239457491
953395798
283784237
428169604
607757721
293695130
967240488
548488557
835050052
118074155
265553127
871519977
257807180
384057487
90703536
727897860
312489924
422447330
264531595
371458646
83756001
705369160
857728799
123369806
456706750
885023619
376916423
20100406
343956255
683886834
711558809
608259951
487632547
527359482
43100005
54285589
781983602
992961685
207392363
636201025
538089667
323899480
738901293
691219132
731844000
982265313
679704480
757803679
17333480
374217381
698738167
853181229
859884379
643633956
123083829
556196739
955500456
787126400
396159341
111299351
369026960
57199195
253148751
255767299
198417957
37634595
669688294
434915390
86594680
835301126
718746131
166409362
28247905
374337704
47897938
380383227
640953434
85148398
124389471
153312359
582651019
55692103
265559046
186579065
323435199
524476196
91494018
365603626
73333357
596461652
479557230
856346827
393692657
670691238
542346260
215242256
358769712
407335495
690078044
816719683
22528952
608834424
275366343
344947349
937138803
856687089
943621807
556889908
32145058
855498715
962659723
208405594
570312397
471519636
47106031
354278007
120204765
853782108
559766435
916494952
125260481
743218653
628673380
68296284
113824328
636551030
894978319
288344181
418664205
499808133
54957178
40646131
366333995
839205236
188485683
493338733
667600082
476898218
247736310
838632108
814738612
314068974
355128252
781864673
495528566
697785141
35129024
6969137
595384847
143549839
433473573
776254462
263153591
812411650
931223993
467573660
698270549
654400373
2627096
41479218
105853199
8356807
651674809
333079545
324382437
852123543
996607648
253577600
835955878
586038395
956573908
771849011
763607534
816410786
766680107
693549374
686889211
483552106
857081511
62435282
622234424
757957600
753816967
341018419
992526390
345905692
746921496
44479951
784086097
930274899
333019005
184829015
317655393
422614522
62993621
656551849
267733456
643410286
51601733
123926648
640394075
263843216
284273875
141507643
148160691
560615612
154056013
400496506
581708165
462023627
633090856
934694698
306523227
887847977
270604254
915264663
262382229
885985164
438591010
90948787
737979510
159433076
775907295
986849499
163755166
727305711
154543937
249653906
504742067
762822292
364729479
144540792
52427188
624250324
636541333
13521962
130771684
160534365
963917770
409329598
904007013
145063901
633316075
172127701
520882388
202394531
759429770
539032934
576304323
61261932
43360715
811739286
807980136
234970505
526213259
487898465
232445160
57141177
390151238
233907827
383277184
537662748
2144772
357325086
691419496
208095
178207278
406287128
813279926
516169208
818541208
170089931
115858862
687617749
456781769
681510663
932259606
959650276
766797079
284031602
911816188
50785127
305966430
212113244
707882187
315286130
90965222
964794481
921104086
978334061
565185030
974193342
370690619
683068585
145081503
316749485
27896379
141008610
485449954
279808475
348832224
809690617
569969127
580364508
637998693
136802282
366809709
218726979
568285448
625390405
647280016
130314199
217688592
194808873
581094668
806992032
450567034
254158723
265683187
355221513
695701088
560115365
825801084
807944355
811640961
297469312
222471941
792481515
322878919
176564589
558565382
146030621
329016431
650107841
301678397
493771992
492552878
187336566
845947356
327773044
638914995
169938905
109702815
969422587
179482319
591387475
691202269
601014981
173213068
746264815
572193566
465360311
655256673
790554373
412758163
315745203
352904634
556672729
763041867
958791360
453955272
50207457
406740628
891489937
116536233
295232980
569755447
720472605
892615677
899737517
383045883
662529354
698767634
153555808
323991508
729328929
854657605
502543864
85818347
859983487
973375440
861909964
348078315
513611595
414217203
148087697
724298024
399708881
738561246
665763370
135306264
404823104
563339525
686080025
914994074
957048540
286434031
183435613
217596713
905453932
855831488
147262724
953003128
699720744
882789815
657570885
726304140
623049533
659918320
753285120
462404916
500131076
62865637
267729525
686217957
108798733
458948297
657671373
253331201
57901814
9742296
434087804
419755407
161900192
165275354
215417762
667439094
794787018
307714256
894462513
275237624
544925275
334582326
600079639
58435276
965478545
480358438
228359338
302687307
603577534
907660210
273640471
96090095
45503742
357938934
885531481
645896579
368670390
421897222
418695612
549682719
716686475
84492976
931099040
896600468
580257281
984690875
191414933
835320415
534258624
144643756
644749016
763030839
838765731
605175358
479396330
183276509
934457414
831627423
15482193
938440118
57459221
593351068
405024017
235840251
991031180
822800285
52726173
549326007
754454307
404193972
642033124
108369769
452496781
395018141
14226025
392483038
125213709
952583752
760289376
49247005
317337107
84332259
402393092
628096652
713552483
488200895
221772188
468508141
370029933
920169814
179150905
351059649
574171965
250692008
860829768
930117646
813616797
943414985
95066417
873445390
516970564
789103441
194629362
24185138
891223333
661646509
683889038
910041320
730747980
734724829
969028137
788439227
10668545
896732074
976124775
975640514
638054346
666462958
133213842
613189146
874165553
625740225
474958310
833569686
483952069
813515478
804205307
280798662
942831717
925096910
828952779
199169787
806491762
646004827
321639431
54812511
134452658
422829758
247962781
310458400
12210428
995621586
361396461
784072136
649685358
23146487
562424338
659361087
878320486
752684089
723925481
942814052
56331297
132278970
991443363
66389523
306068062
966301306
283483158
849918257
37526633
677280517
586453175
606968614
221861367
290739711
200985175
854640465
682252096
328373954
108120073
534363476
777000563
495152153
737932018
511436944
27442229
304077776
746823935
311908056
478733876
464616559
375804727
33378726
727729612
983968730
924117899
36724298
284439466
890207006
748379767
72258691
451850859
912338651
261374085
568573089
548215074
464128846
360101179
169327795
40400561
645265484
96963656
266385673
125881276
470363248
512939800
867425629
553249937
638609842
178223816
641076015
432175440
330173999
975994040
681644539
637899977
618208628
912985239
487917183
243549715
985050276
793634471
622119714
255360821
862433913
481229037
94137947
64556370
999152472
300445889
693494823
744838813
248750533
319094251
209612720
192164565
836564896
782929735
864169804
870486709
169131328
974494495
37260269
258092187
478056957
404128473
859165584
861391674
727623217
433009715
257641697
158909616
176425118
865938929
556053097
803570016
799717413
454820253
122142775
235379213
187276471
378699186
409477918
983221513
452107044
810250064
9290975
519370304
427598472
658605715
358410160
631803412
312413960
505417090
251410811
547013779
108840145
278473805
939724591
508319053
916628292
391343494
460627481
270716342
186982667
748532608
780723522
322540626
90970076
342300391
678979931
317793387
711030789
938901462
5974410
993638549
127628192
130887371
737589645
415530799
478393929
81225289
398417982
634349750
534019403
127239374
384663980
849508904
697347518
109547489
865929468
119582229
794912948
808556580
832597839
847723516
887450742
872919476
93667552
251428531
79112934
142019383
574690360
270047278
431283215
66234763
231157478
305796699
288731753
274460587
746727199
231902592
80864068
889176429
415387674
371088615
874931875
598853570
135336953
492270206
875060785
632516624
311887493
695244795
446299896
488486842
982410616
84947321
654456145
122358055
5166615
78015473
459266567
77783297
112959782
9214128
496595373
54937911
326451395
159894732
705249592
440993857
836713696
49546612
909959925
523077747
801838061
119970260
773790181
838798269
816327383
631577002
326025990
968282300
830011145
670161706
754377104
524103003
814490894
229527700
459806732
829227876
550502096
127905238
268450289
733095793
749398121
252592086
770051287
700677044
435358473
607029512
325179008
12990480
287119800
785904389
291062003
565971290
940982889
245127117
964312155
797475587
580821811
173181920
696988182
60840054
792135922
884008955
76547695
446530088
532220135
480338844
315982875
700056761
763993486
830182895
900480763
698630492
979666228
274921465
861754529
245770457
936596802
446246156
787699197
449209704
2349086
243465523
211766152
598813384
611344980
512194732
930417796
985128612
623513614
778060166
888335627
94887144
667861404
113121097
47505852
445275856
174767030
634492983
410740431
762679917
796078996
557098030
268576013
433273111
42368798
363619808
124309132
606416245
592629373
109270002
707963095
944990972
155260016
174999293
495417589
860724504
449313226
136282234
328681707
225910321
766724165
881743712
536686347
668125927
224080383
958363856
948740030
220889019
790680879
690124731
214472635
399727429
414748118
188450603
67019744
986232404
376136846
309821929
637262341
404978099
186482510
859393507
11112420
278852268
508162754
712499573
874496593
618150156
555818733
306012117
368816358
873201885
929377709
719946784
954322130
446472755
794860586
715438488
573684799
451166762
93289129
596706003
759545785
257742124
220307977
369329613
853181561
13361226
313494622
716437223
248450840
295684015
295061099
221290773
48569956
37718466
484309132
88003147
672157577
442834069
97136287
373663434
633674900
725747085
421327119
977069021
73559036
58115167
45801952
486130715
417286074
853750275
761561106
413917163
123894796
868851252
314739304
881725807
742935133
714650232
51128304
223617296
287914429
46064282
517114054
708130120
277684795
330533118
305786730
956963254
193518739
994555700
433820033
422709051
568386933
65640829
417070311
199534849
29052975
166741468
149504668
179857957
388776132
97230092
225492332
175128041
361079028
432988215
277105973
248907185
564667265
12432462
510430063
234523851
362275158
962274045
336460793
670417983
616649174
764863696
378227258
128143611
608689370
124825918
746899922
285898967
761232408
683031128
754892141
171066581
188990206
447274820
441350458
460293405
742433586
40014616
171365831
671062376
795032026
405169886
615056253
508730699
720219279
731945949
802659306
9032521
41975024
721546117
653300584
260255476
529109736
254576120
849239390
891869589
635465675
169240148
51899564
592225368
225889630
581720401
150930777
815373667
251755215
879827201
30455177
290674354
369482973
830253849
417864629
331341417
239277286
254845930
700291277
397916556
619235693
852294892
725504067
642559161
950152389
609638924
841751671
342834000
328828155
128936010
359573230
610257656
103011989
748199062
308788777
779442207
23146580
684020874
707650243
763619632
503012797
806512925
136614771
10677694
458870504
103383967
889282859
611784294
900642938
554903868
162100855
392498419
265958483
832369524
111867261
737898342
880246265
890904111
530855434
88715950
743052575
838401841
126977358
180591753
235647758
92132076
511269115
291520288
709729792
105632999
436810894
859830800
539326899
339803217
806284356
339881630
703106342
354019848
718708882
442266121
722757404
835818445
920166752
397407078
255829132
227189942
60416807
282855591
104797194
979978876
503992893
885219997
611809853
104818282
628379274
766910389
697665967
428502692
492672692
829963753
319069335
829737363
376795432
158801537
232235499
989513736
986366669
694476574
156173044
555739844
594303373
631132075
504805444
408752442
90793345
781556713
666434639
234767185
211842745
780359721
309226925
399462753
525689701
712019533
297945914
560192903
786349406
633264228
717557162
678130453
352900605
902121946
522961214
233285841
890343532
387061771
741271781
415251565
728155784
32158072
750251372
478083519
443586936
783305484
818721378
164006292
467219325
232456965
569272567
723127698
847659425
496641193
33984135
191704016
29291232
57729744
499916234
419316956
75459137
166918752
903593280
463629706
939605971
601269648
840743037
401124552
527492701
482414643
516734645
201677311
81313631
718548818
479763389
71625593
541779878
439500805
17145474
640826062
556464965
643042446
750481276
144421520
772807662
889139234
93015141
247500016
360736422
422280627
799912922
520697946
731194536
991726174
111551769
499809974
46883580
382288042
88057769
175696922
74317613
22287084
150311667
540669358
29670132
430652302
703297189
484237186
893419805
512589199
979612573
702804915
863544359
154133642
73236523
674925903
30052022
174734924
996766437
927696369
701261103
736452611
583611195
393252132
230782225
231588207
270365442
833338956
106898092
167189156
507244402
261307531
827367906
720346477
272132039
121198524
620890556
195925325
572596545
463190283
407445901
710421521
881034766
757403738
728691316
661314094
231581356
114552519
39076788
950560452
310141313
66583256
351561404
285515928
137321894
622002120
249394285
508212558
934644349
658749332
705785965
273041306
323393121
650382880
941767025
242076506
167344912
270679568
697896103
497370986
551508297
231449723
278696848
671652328
813020042
662182245
107596742
383977649
478007638
839522453
689069894
372464391
714090969
953278698
627832701
504662397
321358525
364206888
507333050
112916758
428947797
189533219
958215624
584268389
852194860
7354125
442578134
605869329
326137605
187759733
143467469
368959258
474481776
555443446
742846804
719638654
419267394
158269195
672234252
652677307
192879395
489710540
77352538
35510095
10097188
772818041
727413366
284193779
881780655
400267612
183788837
619449221
461131366
168165858
348340294
211721763
983904789
861266924
74007737
410164501
813350114
494490744
600793296
656997374
336506671
617756499
744824049
406681667
587153133
55919163
727189006
165644564
240186832
624078129
173851551
568055671
771806493
873712324
49517353
919881499
918472461
832623132
432375128
478905772
993206382
562500907
744231734
692465387
832638803
269448782
778389204
586748166
832643715
426727139
199067825
443634947
197932696
65307851
801110760
889689982
491615547
155123859
525547460
433969043
141690692
136767264
453159381
46519187
882867437
396080021
97937060
978621910
222829751
636269938
77550026
47938229
252403432
103166497
878477275
803059396
894527081
734357436
344366794
537101413
635404285
627999330
669704738
38797653
955260633
213778052
657791461
35755745
340240874
714578729
375629531
896057306
686852603
540525139
501276893
275890490
756228930
191226248
60170216
576352556
221150383
834599084
623829837
59749076
326466588
860619220
409137685
185502491
125260869
539150876
805478895
897010193
288275510
699162520
659942521
338998043
713670587
898383842
325002640
227464258
618513671
136135405
53802006
319380082
500694916
258950311
395917087
208351856
397142510
549560661
637631841
317026639
629091182
277846253
314037070
391068310
420395102
401549471
870110944
933475170
565580118
939973730
904431203
837602406
634116876
201571933
902146176
177419266
865739479
68689807
241518518
946451067
890330917
897192467
405901878
685292539
555076849
930585041
973531376
711134676
356000797
169138213
868706033
809104452
119929955
818144433
72377642
942071066
122209487
839488892
175059233
219557636
179076854
35861166
17011770
641489081
59431363
402593152
222707106
699122117
208437273
811628227
327928631
341898729
661850053
956457003
266186029
669282326
453639665
519691540
583693007
100583523
64383332
120745302
158472473
599869729
912676699
10984021
554769927
208167739
243711901
848262464
818128830
642650104
955663670
272531356
531233069
829330451
751625649
603160898
338905525
140819974
392569072
92897309
159977066
842929351
433467955
785115198
12493449
706762368
784449047
371847021
378361404
563179626
785407896
575981047
335449534
544483731
673819449
220180899
140499793
517036053
886842944
188225016
779498512
88187314
151048306
675881232
36677863
807441167
276905316
288940963
481187312
827923864
110493042
142548787
26015351
453839238
273835466
709381779
596173288
508923105
16033110
258160603
308841907
645540375
799464056
21108770
780933542
658584629
363561360
934156452
158879871
551418848
706295322
457257992
608561713
316809351
754842481
460988033
516771688
705591961
276080257
138540907
547857080
571193849
384721717
207266090
778347545
813830786
376129416
964854606
979253981
443283185
152854606
572489476
873252555
817169603
78812586
804395780
161634682
961509091
179894911
704521085
793978660
496423171
142627160
104324083
191873655
534513402
429191651
439370609
456492155
737888586
678583514
782185853
203170804
467431978
416057660
172501334
124001190
683991274
912575032
999176122
312492911
533040508
180663921
59875896
338082813
561081502
904368512
185206329
515853128
647548954
624845233
362438972
600005973
867062140
337380821
321746898
271508473
179164981
746568365
863622023
722293375
777010930
991482721
547522079
567723147
269393817
110939525
161037031
188108105
389337431
149510030
297116294
240264451
407623038
410185954
765480891
724947855
74211374
440703758
825959305
402081328
408252577
679617416
276293616
899360356
574228531
96242291
133135574
302984427
661503267
228678699
278092064
918415295
753070426
755732612
47681713
644267798
665702811
894780003
960294904
437052231
763052140
428219149
19627033
804958975
360682905
395830414
960378802
458886479
211654627
248205992
485843902
170076925
537600644
863502666
12675715
116643685
806767801
122090634
241216308
850035434
948714998
668199804
254730171
492808671
280626762
103223839
431956246
960402786
673795607
868179731
473314258
138377843
161485264
311762504
900000147
862026925
449009807
764298942
879822900
415889806
854327153
178622745
215460306
455695723
556788159
119770920
519036355
77280517
885179381
196050793
24918962
800962739
847737762
57779426
411286278
424998079
293071730
701132400
178770802
599367103
41843332
357348411
471586107
729463067
582647145
279746273
983361184
456949431
238305165
790256970
542094777
941491925
86594632
113243762
877868465
452207767
461659646
384603574
669968109
44414808
328510944
896147499
169131235
991299357
483357919
545513278
697272748
79474995
662862039
171670272
303938296
234629904
835047297
323389111
883994452
672750696
809113154
165628001
432611947
178403283
509967579
86494477
410057633
758769003
426642755
644716232
706168528
451909994
666709625
115346028
514579157
28240537
542452933
9230163
535712827
861179483
96175974
89410529
353374635
445147
473838777
117245526
221586925
941135682
773567538
175663821
664066796
261048174
778430616
907682791
957691754
953060543
935772814
251238509
605050723
773294538
869284025
688019643
36473581
10740067
889102964
744254615
305733483
428242857
765856349
753519048
105931588
214320258
969392797
189847477
938458560
640765861
584345700
70845126
832004784
36743963
697114001
75440550
274562992
696771173
701663707
758623414
670304258
379596311
349541892
172708332
97893731
475810116
467801185
441526226
967838564
170783933
75620282
287734160
1424458
553891424
973237822
229072551
30205003
643607975
780343314
459734892
373645906
638389815
540943071
197356412
906979356
195028080
996413639
505960367
87796768
305252108
24594738
409439372
330261982
355291450
995584332
326452889
963315532
569563116
354157057
876534474
374535693
364042671
293322065
287875638
696534093
400601792
579657869
401775612
50104320
166617259
299617771
35865603
91317438
1938014
66382990
972784208
917521199
283684207
203481853
436115701
96677623
786653326
411442267
659933497
513056830
697039045
609171889
776868156
518283684
767810240
738869172
641152694
460899271
78090143
556906728
604510390
512597284
261517884
411702570
321076793
284693256
254903434
271188528
471490899
402358142
410468584
189105779
821172585
123672906
184644382
513523843
679412727
68534867
171078081
123361374
830620675
819191086
592789833
911203397
517538578
722310742
866071547
856973053
852872288
117766412
922232311
947570891
236586064
968592017
750985330
548300
16636644
101316564
611711420
511061388
431073412
63293865
923103726
329166392
986062753
243811658
390831173
594320126
121822848
648817193
148576867
825073106
645961293
132715525
914886919
685253091
959079837
215832145
42770765
238929747
144793323
573768977
214147693
820049519
936830339
590704973
270685230
120190703
106840517
70635269
586678637
321542427
216493845
171599631
845229553
845156675
819665152
574112802
732895734
256961442
513608798
362915483
158032782
162902886
40062119
117019221
821736129
285982036
45352163
214466016
376996794
87697399
787119062
429155669
330262854
362210993
861437480
111787464
326710500
29529881
636298630
451633206
553506289
184452046
47498969
798734394
79531467
631217650
57686597
798574642
549401398
48753521
930744363
435991250
794731347
209551305
816506016
643544096
203566092
855052371
900142716
78850796
449705513
181302800
768745203
990637395
801765218
339905583
431846211
503935032
115762478
104372356
704516208
205517265
695428533
203984691
772380354
270334766
772824074
212023273
52315710
731841776
703858839
31193218
338655505
756976001
305631930
530418653
963878382
965364852
223073563
371647183
539065176
366994484
600932733
954319487
807759975
714995738
594277448
382506527
593976758
591212177
929579585
95961866
333171596
914984496
156824807
652777583
768336595
270294380
589280573
474393277
268312589
440696219
225087284
934905013
307517214
130309532
678831739
569967451
308850929
898403234
579685233
468332063
789983850
630713918
79911477
459740146
357323997
909146951
949151247
785968125
920934749
550379323
635190019
706505123
378975456
755218153
693312698
73113832
708037963
767098255
329931316
881903299
141437070
240010388
218733586
289665718
840842368
682583273
635673036
4367897
850604068
302988270
451076920
158813351
480910151
754230956
633258244
362302134
205747394
297225941
7434708
414829256
240702598
357138618
788361121
27574578
810180789
229025490
48795029
153996052
855530994
845484960
497367820
215243514
144664429
780582025
423123759
381174633
292577164
264682250
675253250
522576728
384834923
580391487
784770946
285922535
513984751
707595566
140086569
229985751
648554758
960823788
513535866
919925635
412362756
897550613
829470266
141579884
875325773
986999954
628285423
651566342
76758875
947078391
136267276
573159735
204836246
295145767
924416551
701625743
95387981
115205294
711708526
440963996
455856199
280967074
671997266
761013644
787200490
658142628
34286562
399515446
817193649
973247590
563357047
58160599
536322963
136435367
693126854
194102209
705343248
625212903
62427172
713004168
755852390
944943926
733135014
851455847
990851184
477903451
321888440
185838453
129099035
769002129
261494721
784604128
680670122
914531480
127361952
66777325
580017708
442876950
432961734
505382495
586445063
622344705
775862281
532459741
214503337
47709540
199915068
277622654
708372112
807563035
848853894
855454321
810844855
860085582
443767290
605735806
907663905
986434688
826427104
814381413
923871131
22320370
55056706
267635946
290664619
682801455
208768386
497073175
372333654
610970358
80562815
769755687
138307716
780848581
328019675
889228787
900991918
814829993
854190832
541787685
256237956
511457027
463593314
790707833
478547635
381614167
675870698
107564250
178258619
334453660
716531719
332534797
317968156
939958744
564175011
22916463
19632671
373880548
698312424
108103612
233983544
355749985
112086933
537860126
285637513
690354930
432914167
748053065
309854567
546619153
4920494
164713665
862430099
566036489
75678506
187574401
708688824
883738631
14846137
265782276
960159091
385831214
58273869
441569957
643543333
349732959
865961446
200184414
39351467
238960599
978153285
373831132
936424564
36721165
263678720
505656126
135637294
406159619
817201887
302079997
463551651
158459653
534774013
242334366
299647629
516894672
581503826
448204737
213223590
700781412
956052672
414185742
518043817
542836108
283931642
107839888
642928428
370559104
70517790
102939062
657189006
596014975
230339586
486263111
386835017
996313348
940866708
599332317
160325680
29580330
110936666
344263576
117375350
589352414
833760311
743956817
859561748
212493240
370952428
917608949
102579459
118749716
862138873
17092045
508568082
337723805
552085342
778817442
104228279
903821796
975689117
575359097
932679643
205802801
94027068
776361739
425650642
325625632
191833459
716567439
516623224
865858201
741875416
854099187
713838090
969820454
309529660
112397969
134642920
857923485
930106892
772915880
12022181
250449117
476005992
546807121
782941194
647498113
419419874
118922287
652321945
412386602
13104547
815100572
924895784
831926001
571976517
303565434
666089679
137252432
296271259
488942069
471656658
941131983
335188618
578370125
52952705
821667363
37831149
33763019
735341089
430606554
947853934
890389875
198478681
725452012
170759124
142008465
781414786
371755475
907366907
618121267
219680345
779684466
941619977
867260331
564626815
890357332
704138678
572936484
398522063
279599401
595197608
497078395
314245167
628772107
271371316
277148394
697485538
520280229
526518336
759364948
335110284
694456400
233027827
766284639
223554653
544428878
873393810
661466644
595078901
331831742
374864206
990745760
690835324
448551385
578658352
672384751
82342883
800218901
896305479
459055236
672553421
279984731
534391893
954157840
726635201
431178241
674001842
734465025
504124724
746997875
599226070
982649056
66109906
630505454
836310016
673271084
817163501
649195114
410236626
130114689
388405594
238882570
627904004
191208942
72689215
881900785
447693068
579726125
405046748
735863021
639253117
335862038
128860733
171579869
26361746
707375371
282861036
794915923
981730447
653170186
267998525
130100453
64362701
860850132
933134001
725912124
994771343
70310703
970485782
707372826
993722338
47369925
965576094
625643293
418165174
51729263
724342612
688248003
248635117
670305912
3514963
618238244
472045853
731849847
377155648
277057379
934903387
317335177
567443630
356570511
689885015
578128126
330017875
864725582
730449950
139222768
685646792
287811756
188095039
686249712
154346750
622001498
323649421
283415058
736305036
897073363
468368437
629882254
180541161
282792447
805132471
905072080
616722392
484196150
348649619
932082642
337388632
676047880
654690151
726376651
52480925
155602949
681295822
608120484
174808412
182292934
250153671
868132347
966220409
363365524
175290699
521135319
52856220
20318419
317891068
232507637
227902932
689147938
110348088
401678494
528991813
509719826
986036443
559526354
320528376
273157742
767078107
153779366
444128987
715536849
235132674
903118007
938912879
207957289
299652056
842865994
756612654
530195572
562259716
484227758
929920310
58981586
48895340
477239959
140821315
815771592
13671205
522805964
368677496
402154736
696946104
819339507
300802267
783596443
766071034
415203003
76239286
521245608
488918046
178350394
708215796
684368402
429174974
160454971
823820239
278591162
264626415
206818424
885337557
479503136
395807644
455701805
407566894
302847650
84978861
29653675
399939412
722270006
585982239
83467633
208626628
859533453
379601625
834813919
26663275
714592140
378894794
345543964
750242492
427266202
93786258
182258449
912511431
1466855
689097886
708935559
454247890
570077387
166213319
687436197
75587239
617297859
195378314
966691337
516441102
617735805
161527168
304476573
516702382
649168504
226303085
579772506
232612533
409671759
227825811
495724370
448377874
947645722
495756315
949983741
543821321
31732725
623641789
414736620
859024660
35817402
777713264
858270530
699717042
334743128
98960235
713279586
663700161
296028233
557684124
574020601
909006259
785015719
771328494
324636471
771429938
886505712
433415971
571942323
415981541
399555553
99196504
616936029
592370469
817319592
258434531
205266778
679695073
28810627
444975288
985140030
898743393
104535663
654145738
197448804
745430225
932726773
69893832
794918851
647798896
167125832
652685368
45195543
403228076
222042421
185620562
649635691
815213691
733253446
841287538
565224427
781552348
755065248
944898556
861251723
861451823
634227916
15189709
695432846
804512041
696461843
296291992
543553914
800990832
222542553
888960513
455623343
905107050
221291439
839275354
321949617
370966932
103205448
448578488
521966913
202000918
241979842
177051051
295040637
784228817
585513836
654872895
464054344
88938024
298880385
444256685
219197468
976966754
187411454
860843513
83779756
226116862
738383193
467045945
629690404
773718998
965577870
186345598
710833480
280246598
165448475
579212953
63543734
131814803
516831935
471995446
385007319
35591865
801975660
646895900
575365868
845855848
28612822
711704647
182159349
887808577
