0 2
[0, 1, 1, 2, 1, 2, 2, 300005, 2, 1, 7, 2, 2, 300005, 300005, 300005, 5, 2, 1, 7, 9, 7, 2, 5, 5, 2, 300005, 300005, 300005, 300005, 300005, 300005]
[0, 9, 9, 5, 7, 9, 5, -300005, 5, 7, 9, 5, 5, -300005, -300005, -300005, 5, 2, 1, 7, 9, 7, 2, 5, 5, 2, -300005, -300005, -300005, -300005, -300005, -300005]
5
1 2
[0, 1, 1, 2, 1, 2, 2, 300005, 2, 1, 7, 2, 2, 300005, 300005, 300005, 300005, 2, 1, 7, 9, 7, 2, 300005, 300005, 2, 300005, 300005, 300005, 300005, 300005, 300005]
[0, 9, 9, 2, 7, 9, 2, -300005, 2, 7, 9, 2, 2, -300005, -300005, -300005, -300005, 2, 1, 7, 9, 7, 2, -300005, -300005, 2, -300005, -300005, -300005, -300005, -300005, -300005]
1
3 4
[0, 2, 2, 2, 2, 2, 2, 300005, 2, 7, 7, 2, 2, 300005, 300005, 300005, 300005, 2, 300005, 7, 9, 7, 2, 300005, 300005, 2, 300005, 300005, 300005, 300005, 300005, 300005]
[0, 9, 9, 2, 7, 9, 2, -300005, 2, 7, 9, 2, 2, -300005, -300005, -300005, -300005, 2, -300005, 7, 9, 7, 2, -300005, -300005, 2, -300005, -300005, -300005, -300005, -300005, -300005]
9
5 5
[0, 2, 2, 2, 2, 2, 2, 300005, 2, 7, 7, 2, 2, 300005, 300005, 300005, 300005, 2, 300005, 7, 300005, 7, 2, 300005, 300005, 2, 300005, 300005, 300005, 300005, 300005, 300005]
[0, 7, 7, 2, 7, 7, 2, -300005, 2, 7, 7, 2, 2, -300005, -300005, -300005, -300005, 2, -300005, 7, -300005, 7, 2, -300005, -300005, 2, -300005, -300005, -300005, -300005, -300005, -300005]
7
6 9
[0, 2, 2, 2, 2, 2, 2, 300005, 2, 300005, 300005, 2, 2, 300005, 300005, 300005, 300005, 2, 300005, 300005, 300005, 300005, 2, 300005, 300005, 2, 300005, 300005, 300005, 300005, 300005, 300005]
[0, 2, 2, 2, 2, 2, 2, -300005, 2, -300005, -300005, 2, 2, -300005, -300005, -300005, -300005, 2, -300005, -300005, -300005, -300005, 2, -300005, -300005, 2, -300005, -300005, -300005, -300005, -300005, -300005]
2
5
5 1 9 7 2 
